timestep,obstacle_id,relative_direction,d_long,d_lat,adjusted_d_long,adjusted_d_lat,v_rel_long,v_rel_lat,a_rel_long,a_rel_lat,ttc_long,ttc_lat,motion_description
1.0,20003.0,Front-right,143.65,-142.66,139.14,-141.05,-8.92,-0.0,1.86,-2.27,15.59,inf,Obstacle is driving toward the ego car longitudinally. No lateral relative motion.
1.0,20007.0,Front-right,139.6,-136.98,135.09,-135.37,-8.92,-0.0,1.86,-2.27,15.14,inf,Obstacle is driving toward the ego car longitudinally. No lateral relative motion.
1.0,20013.0,Front-right,135.7,-131.2,131.19,-129.59,-8.92,-0.0,1.86,-2.27,14.7,inf,Obstacle is driving toward the ego car longitudinally. No lateral relative motion.
1.0,20017.0,Front-right,131.86,-125.36,127.35,-123.75,-8.92,-0.0,1.86,-2.27,14.27,inf,Obstacle is driving toward the ego car longitudinally. No lateral relative motion.
1.0,20019.0,Front-right,128.12,-119.47,123.61,-117.86,-8.92,-0.0,1.86,-2.27,13.85,inf,Obstacle is driving toward the ego car longitudinally. No lateral relative motion.
1.0,20021.0,Front-right,124.41,-113.56,119.9,-111.95,-8.92,-0.0,1.86,-2.27,13.44,inf,Obstacle is driving toward the ego car longitudinally. No lateral relative motion.
1.0,20025.0,Front-right,120.78,-107.59,116.27,-105.98,-8.92,-0.0,1.86,-2.27,13.03,inf,Obstacle is driving toward the ego car longitudinally. No lateral relative motion.
1.0,20035.0,Front-right,117.15,-101.63,112.64,-100.02,-8.92,-0.0,1.86,-2.27,12.62,inf,Obstacle is driving toward the ego car longitudinally. No lateral relative motion.
1.0,20039.0,Front-right,113.53,-95.67,109.02,-94.06,-8.92,-0.0,1.86,-2.27,12.22,inf,Obstacle is driving toward the ego car longitudinally. No lateral relative motion.
1.0,20042.0,Front-right,44.28,-8.57,39.77,-6.96,-21.25,7.73,1.84,-2.15,1.87,0.9,Obstacle is driving toward the ego car longitudinally. Obstacle is driving toward the ego car laterally from the right.
1.0,20043.0,Front-right,74.88,-34.42,70.37,-32.81,-18.54,10.03,1.9,-1.95,3.8,3.27,Obstacle is driving toward the ego car longitudinally. Obstacle is driving toward the ego car laterally from the right.
1.0,20044.0,Front-right,100.21,-67.63,95.7,-66.02,-15.95,10.96,2.02,-1.78,6.0,6.02,Obstacle is driving toward the ego car longitudinally. Obstacle is driving toward the ego car laterally from the right.
1.0,20045.0,Front-right,143.11,-162.96,138.6,-161.35,-8.92,0.0,1.86,-2.27,15.53,inf,Obstacle is driving toward the ego car longitudinally. No lateral relative motion.
1.0,20047.0,Front-right,137.58,-167.22,133.07,-165.61,-8.92,0.0,1.86,-2.27,14.91,inf,Obstacle is driving toward the ego car longitudinally. No lateral relative motion.
1.0,20049.0,Front-right,127.41,-175.06,122.9,-173.45,-8.92,0.0,1.86,-2.27,13.77,inf,Obstacle is driving toward the ego car longitudinally. No lateral relative motion.
1.0,20050.0,Front-right,120.33,-180.51,115.83,-178.9,-8.92,0.0,1.86,-2.27,12.98,inf,Obstacle is driving toward the ego car longitudinally. No lateral relative motion.
1.0,20051.0,Front-right,114.8,-184.77,110.29,-183.16,-8.92,0.0,1.86,-2.27,12.36,inf,Obstacle is driving toward the ego car longitudinally. No lateral relative motion.
1.0,20052.0,Front-right,108.91,-189.32,104.4,-187.71,-8.31,0.47,1.05,-2.09,12.56,398.35,Obstacle is driving toward the ego car longitudinally. Obstacle is driving toward the ego car laterally from the right.
1.0,20053.0,Front-right,101.72,-194.86,97.21,-193.25,-7.53,1.07,1.61,-2.22,12.91,179.85,Obstacle is driving toward the ego car longitudinally. Obstacle is driving toward the ego car laterally from the right.
1.0,20054.0,Front-right,85.67,-52.99,81.17,-51.38,-1.9,-9.49,2.18,-1.01,42.77,inf,Obstacle is driving toward the ego car longitudinally. Obstacle is moving away laterally to the right.
1.0,20055.0,Front-right,89.6,-204.2,85.09,-202.59,-7.73,0.92,2.14,-2.34,11.01,219.34,Obstacle is driving toward the ego car longitudinally. Obstacle is driving toward the ego car laterally from the right.
1.0,20056.0,Front-right,81.23,-210.65,76.72,-209.04,-8.07,0.66,1.95,-2.29,9.51,316.77,Obstacle is driving toward the ego car longitudinally. Obstacle is driving toward the ego car laterally from the right.
1.0,20057.0,Front-right,166.86,-140.57,162.35,-138.96,-12.03,-2.3,3.73,-2.75,13.5,inf,Obstacle is driving toward the ego car longitudinally. Obstacle is moving away laterally to the right.
1.0,20058.0,Front-right,74.71,-215.67,70.2,-214.06,-7.99,0.72,1.51,-2.19,8.79,296.36,Obstacle is driving toward the ego car longitudinally. Obstacle is driving toward the ego car laterally from the right.
1.0,20059.0,Front-right,65.33,-29.68,60.82,-28.07,0.29,-8.75,1.85,-2.47,inf,inf,Obstacle is moving away longitudinally. Obstacle is moving away laterally to the right.
1.0,20060.0,Front-right,181.79,-129.11,177.29,-127.5,-15.52,-5.27,4.21,-2.78,11.42,inf,Obstacle is driving toward the ego car longitudinally. Obstacle is moving away laterally to the right.
1.0,20061.0,Front-right,67.13,-221.51,62.62,-219.9,-6.82,1.63,0.65,-1.99,9.19,135.32,Obstacle is driving toward the ego car longitudinally. Obstacle is driving toward the ego car laterally from the right.
1.0,20062.0,Front-right,46.0,-13.87,41.49,-12.26,1.2,-7.09,1.9,-2.78,inf,inf,Obstacle is moving away longitudinally. Obstacle is moving away laterally to the right.
1.0,20063.0,Front-right,25.42,-2.98,20.91,-1.37,1.8,-2.9,2.18,-2.98,inf,inf,Obstacle is moving away longitudinally. Obstacle is moving away laterally to the right.
1.0,20064.0,Front-right,53.09,-232.33,48.58,-230.72,-3.05,4.53,-0.45,-1.74,15.93,50.97,Obstacle is driving toward the ego car longitudinally. Obstacle is driving toward the ego car laterally from the right.
1.0,20066.0,Front-right,18.51,-258.98,14.0,-257.37,1.53,8.06,1.96,-2.3,inf,31.94,Obstacle is moving away longitudinally. Obstacle is driving toward the ego car laterally from the right.
2.0,20003.0,Front-right,142.67,-142.72,138.17,-141.11,-8.22,-0.0,2.57,-3.13,16.81,inf,Obstacle is driving toward the ego car longitudinally. No lateral relative motion.
2.0,20007.0,Front-right,138.63,-137.04,134.12,-135.43,-8.22,-0.0,2.57,-3.13,16.32,inf,Obstacle is driving toward the ego car longitudinally. No lateral relative motion.
2.0,20013.0,Front-right,134.72,-131.25,130.21,-129.64,-8.22,-0.0,2.57,-3.13,15.84,inf,Obstacle is driving toward the ego car longitudinally. No lateral relative motion.
2.0,20017.0,Front-right,130.89,-125.42,126.38,-123.81,-8.22,-0.0,2.57,-3.13,15.38,inf,Obstacle is driving toward the ego car longitudinally. No lateral relative motion.
2.0,20019.0,Front-right,127.15,-119.52,122.65,-117.91,-8.22,-0.0,2.57,-3.13,14.92,inf,Obstacle is driving toward the ego car longitudinally. No lateral relative motion.
2.0,20021.0,Front-right,123.44,-113.61,118.94,-112.0,-8.22,-0.0,2.57,-3.13,14.47,inf,Obstacle is driving toward the ego car longitudinally. No lateral relative motion.
2.0,20025.0,Front-right,119.82,-107.65,115.31,-106.04,-8.22,-0.0,2.57,-3.13,14.03,inf,Obstacle is driving toward the ego car longitudinally. No lateral relative motion.
2.0,20035.0,Front-right,116.19,-101.68,111.68,-100.07,-8.22,-0.0,2.57,-3.13,13.59,inf,Obstacle is driving toward the ego car longitudinally. No lateral relative motion.
2.0,20039.0,Front-right,112.57,-95.72,108.06,-94.11,-8.22,-0.0,2.57,-3.13,13.15,inf,Obstacle is driving toward the ego car longitudinally. No lateral relative motion.
2.0,20042.0,Front-right,42.11,-7.81,37.6,-6.2,-20.55,7.74,2.55,-3.01,1.83,0.8,Obstacle is driving toward the ego car longitudinally. Obstacle is driving toward the ego car laterally from the right.
2.0,20043.0,Front-right,72.94,-33.4,68.43,-31.79,-17.85,10.06,2.61,-2.81,3.83,3.16,Obstacle is driving toward the ego car longitudinally. Obstacle is driving toward the ego car laterally from the right.
2.0,20044.0,Front-right,98.52,-66.52,94.01,-64.91,-15.27,11.0,2.71,-2.7,6.16,5.9,Obstacle is driving toward the ego car longitudinally. Obstacle is driving toward the ego car laterally from the right.
2.0,20045.0,Front-right,142.12,-163.02,137.62,-161.41,-8.22,0.0,2.57,-3.13,16.74,inf,Obstacle is driving toward the ego car longitudinally. No lateral relative motion.
2.0,20047.0,Front-right,136.59,-167.28,132.09,-165.67,-8.22,0.0,2.57,-3.13,16.07,inf,Obstacle is driving toward the ego car longitudinally. No lateral relative motion.
2.0,20049.0,Front-right,126.42,-175.11,121.91,-173.5,-8.22,0.0,2.57,-3.13,14.83,inf,Obstacle is driving toward the ego car longitudinally. No lateral relative motion.
2.0,20050.0,Front-right,119.34,-180.56,114.83,-178.95,-8.22,0.0,2.57,-3.13,13.97,inf,Obstacle is driving toward the ego car longitudinally. No lateral relative motion.
2.0,20051.0,Front-right,113.8,-184.82,109.3,-183.21,-8.22,0.0,2.57,-3.13,13.3,inf,Obstacle is driving toward the ego car longitudinally. No lateral relative motion.
2.0,20052.0,Front-right,107.97,-189.32,103.46,-187.71,-7.67,0.42,1.75,-2.95,13.48,446.79,Obstacle is driving toward the ego car longitudinally. Obstacle is driving toward the ego car laterally from the right.
2.0,20053.0,Front-right,100.86,-194.79,96.35,-193.18,-6.84,1.06,2.31,-3.07,14.08,182.6,Obstacle is driving toward the ego car longitudinally. Obstacle is driving toward the ego car laterally from the right.
2.0,20054.0,Front-right,85.43,-53.97,80.92,-52.36,-1.27,-9.39,2.89,-1.87,63.5,inf,Obstacle is driving toward the ego car longitudinally. Obstacle is moving away laterally to the right.
2.0,20055.0,Front-right,88.71,-204.14,84.21,-202.53,-7.0,0.94,2.84,-3.2,12.03,215.36,Obstacle is driving toward the ego car longitudinally. Obstacle is driving toward the ego car laterally from the right.
2.0,20056.0,Front-right,80.31,-210.61,75.8,-209.0,-7.36,0.66,2.65,-3.15,10.31,314.31,Obstacle is driving toward the ego car longitudinally. Obstacle is driving toward the ego car laterally from the right.
2.0,20057.0,Front-right,165.58,-140.86,161.07,-139.25,-11.17,-2.18,4.43,-3.61,14.42,inf,Obstacle is driving toward the ego car longitudinally. Obstacle is moving away laterally to the right.
2.0,20058.0,Front-right,73.79,-215.63,69.29,-214.02,-7.31,0.7,2.22,-3.05,9.48,305.77,Obstacle is driving toward the ego car longitudinally. Obstacle is driving toward the ego car laterally from the right.
2.0,20059.0,Front-right,65.32,-30.58,60.81,-28.97,1.0,-8.77,2.55,-3.33,inf,inf,Obstacle is moving away longitudinally. Obstacle is moving away laterally to the right.
2.0,20060.0,Front-right,180.17,-129.71,175.66,-128.1,-14.63,-5.12,4.92,-3.64,12.01,inf,Obstacle is driving toward the ego car longitudinally. Obstacle is moving away laterally to the right.
2.0,20061.0,Front-right,66.32,-221.38,61.82,-219.77,-6.21,1.55,1.36,-2.85,9.96,141.92,Obstacle is driving toward the ego car longitudinally. Obstacle is driving toward the ego car laterally from the right.
2.0,20062.0,Front-right,46.09,-14.6,41.58,-12.99,1.94,-7.13,2.6,-3.64,inf,inf,Obstacle is moving away longitudinally. Obstacle is moving away laterally to the right.
2.0,20063.0,Front-right,25.55,-3.37,21.04,-1.76,2.3,-3.81,2.82,-3.87,inf,inf,Obstacle is moving away longitudinally. Obstacle is moving away laterally to the right.
2.0,20064.0,Front-right,52.65,-231.91,48.14,-230.3,-2.53,4.38,0.25,-2.6,19.02,52.59,Obstacle is driving toward the ego car longitudinally. Obstacle is driving toward the ego car laterally from the right.
2.0,20066.0,Front-right,18.52,-258.19,14.02,-256.58,2.25,8.06,2.67,-3.16,inf,31.83,Obstacle is moving away longitudinally. Obstacle is driving toward the ego car laterally from the right.
3.0,20003.0,Front-right,141.58,-142.95,137.08,-141.34,-7.86,-0.0,1.01,-1.23,17.45,inf,Obstacle is driving toward the ego car longitudinally. No lateral relative motion.
3.0,20007.0,Front-right,137.55,-137.26,133.04,-135.65,-7.86,-0.0,1.01,-1.23,16.93,inf,Obstacle is driving toward the ego car longitudinally. No lateral relative motion.
3.0,20013.0,Front-right,133.65,-131.47,129.15,-129.86,-7.86,-0.0,1.01,-1.23,16.44,inf,Obstacle is driving toward the ego car longitudinally. No lateral relative motion.
3.0,20017.0,Front-right,129.83,-125.63,125.32,-124.02,-7.86,-0.0,1.01,-1.23,15.95,inf,Obstacle is driving toward the ego car longitudinally. No lateral relative motion.
3.0,20019.0,Front-right,126.1,-119.73,121.59,-118.12,-7.86,-0.0,1.01,-1.23,15.48,inf,Obstacle is driving toward the ego car longitudinally. No lateral relative motion.
3.0,20021.0,Front-right,122.4,-113.81,117.89,-112.2,-7.86,-0.0,1.01,-1.23,15.01,inf,Obstacle is driving toward the ego car longitudinally. No lateral relative motion.
3.0,20025.0,Front-right,118.79,-107.84,114.28,-106.23,-7.86,-0.0,1.01,-1.23,14.54,inf,Obstacle is driving toward the ego car longitudinally. No lateral relative motion.
3.0,20035.0,Front-right,115.17,-101.87,110.66,-100.26,-7.86,-0.0,1.01,-1.23,14.08,inf,Obstacle is driving toward the ego car longitudinally. No lateral relative motion.
3.0,20039.0,Front-right,111.55,-95.9,107.05,-94.29,-7.86,-0.0,1.01,-1.23,13.62,inf,Obstacle is driving toward the ego car longitudinally. No lateral relative motion.
3.0,20042.0,Front-right,39.99,-7.09,35.49,-5.48,-20.18,7.77,1.0,-1.11,1.76,0.71,Obstacle is driving toward the ego car longitudinally. Obstacle is driving toward the ego car laterally from the right.
3.0,20043.0,Front-right,71.02,-32.47,66.52,-30.86,-17.5,10.1,1.05,-0.91,3.8,3.06,Obstacle is driving toward the ego car longitudinally. Obstacle is driving toward the ego car laterally from the right.
3.0,20044.0,Front-right,96.79,-65.53,92.28,-63.92,-15.25,10.83,1.14,-0.79,6.05,5.9,Obstacle is driving toward the ego car longitudinally. Obstacle is driving toward the ego car laterally from the right.
3.0,20045.0,Front-right,141.0,-163.25,136.5,-161.64,-7.86,0.0,1.01,-1.23,17.37,inf,Obstacle is driving toward the ego car longitudinally. No lateral relative motion.
3.0,20047.0,Front-right,135.47,-167.5,130.96,-165.89,-7.86,0.0,1.01,-1.23,16.67,inf,Obstacle is driving toward the ego car longitudinally. No lateral relative motion.
3.0,20049.0,Front-right,125.28,-175.31,120.77,-173.7,-7.86,0.0,1.01,-1.23,15.37,inf,Obstacle is driving toward the ego car longitudinally. No lateral relative motion.
3.0,20050.0,Front-right,118.19,-180.75,113.68,-179.14,-7.86,0.0,1.01,-1.23,14.47,inf,Obstacle is driving toward the ego car longitudinally. No lateral relative motion.
3.0,20051.0,Front-right,112.65,-185.01,108.14,-183.4,-7.86,0.0,1.01,-1.23,13.76,inf,Obstacle is driving toward the ego car longitudinally. No lateral relative motion.
3.0,20052.0,Front-right,106.86,-189.45,102.35,-187.84,-7.38,0.37,0.2,-1.05,13.87,509.7,Obstacle is driving toward the ego car longitudinally. Obstacle is driving toward the ego car laterally from the right.
3.0,20053.0,Front-right,99.82,-194.85,95.31,-193.24,-6.5,1.04,0.76,-1.17,14.66,185.85,Obstacle is driving toward the ego car longitudinally. Obstacle is driving toward the ego car laterally from the right.
3.0,20054.0,Front-right,85.18,-55.04,80.67,-53.43,-1.01,-9.29,1.33,0.03,80.26,inf,Obstacle is driving toward the ego car longitudinally. Obstacle is moving away laterally to the right.
3.0,20055.0,Front-right,87.65,-204.19,83.14,-202.58,-6.61,0.96,1.29,-1.3,12.58,211.95,Obstacle is driving toward the ego car longitudinally. Obstacle is driving toward the ego car laterally from the right.
3.0,20056.0,Front-right,79.2,-210.68,74.69,-209.07,-6.99,0.67,1.1,-1.25,10.69,312.48,Obstacle is driving toward the ego car longitudinally. Obstacle is driving toward the ego car laterally from the right.
3.0,20057.0,Front-right,164.21,-141.34,159.7,-139.73,-10.66,-2.06,2.88,-1.71,14.99,inf,Obstacle is driving toward the ego car longitudinally. Obstacle is moving away laterally to the right.
3.0,20058.0,Front-right,72.68,-215.68,68.17,-214.07,-6.98,0.68,0.66,-1.15,9.77,316.41,Obstacle is driving toward the ego car longitudinally. Obstacle is driving toward the ego car laterally from the right.
3.0,20059.0,Front-right,65.33,-31.57,60.82,-29.96,0.94,-9.22,0.99,-1.43,inf,inf,Obstacle is moving away longitudinally. Obstacle is moving away laterally to the right.
3.0,20060.0,Front-right,178.47,-130.5,173.96,-128.89,-14.09,-4.96,3.36,-1.74,12.35,inf,Obstacle is driving toward the ego car longitudinally. Obstacle is moving away laterally to the right.
3.0,20061.0,Front-right,65.31,-221.34,60.8,-219.73,-5.94,1.47,-0.19,-0.95,10.23,149.49,Obstacle is driving toward the ego car longitudinally. Obstacle is driving toward the ego car laterally from the right.
3.0,20062.0,Front-right,46.22,-15.39,41.71,-13.78,2.33,-7.17,1.05,-1.74,inf,inf,Obstacle is moving away longitudinally. Obstacle is moving away laterally to the right.
3.0,20063.0,Front-right,25.74,-3.79,21.23,-2.18,2.73,-3.85,1.27,-1.97,inf,inf,Obstacle is moving away longitudinally. Obstacle is moving away laterally to the right.
3.0,20064.0,Front-right,51.98,-231.56,47.47,-229.95,-2.35,4.23,-1.3,-0.7,20.19,54.42,Obstacle is driving toward the ego car longitudinally. Obstacle is driving toward the ego car laterally from the right.
3.0,20066.0,Front-right,18.3,-257.41,13.79,-255.8,2.63,8.05,1.12,-1.26,inf,31.78,Obstacle is moving away longitudinally. Obstacle is driving toward the ego car laterally from the right.
4.0,20003.0,Front-right,141.83,-141.9,137.32,-140.29,-7.58,-0.0,0.76,-0.93,18.12,inf,Obstacle is driving toward the ego car longitudinally. No lateral relative motion.
4.0,20007.0,Front-right,137.75,-136.25,133.24,-134.64,-7.58,-0.0,0.76,-0.93,17.58,inf,Obstacle is driving toward the ego car longitudinally. No lateral relative motion.
4.0,20013.0,Front-right,133.81,-130.48,129.3,-128.87,-7.58,-0.0,0.76,-0.93,17.06,inf,Obstacle is driving toward the ego car longitudinally. No lateral relative motion.
4.0,20017.0,Front-right,129.95,-124.67,125.44,-123.06,-7.58,-0.0,0.76,-0.93,16.55,inf,Obstacle is driving toward the ego car longitudinally. No lateral relative motion.
4.0,20019.0,Front-right,126.18,-118.8,121.67,-117.19,-7.58,-0.0,0.76,-0.93,16.06,inf,Obstacle is driving toward the ego car longitudinally. No lateral relative motion.
4.0,20021.0,Front-right,122.43,-112.91,117.92,-111.3,-7.58,-0.0,0.76,-0.93,15.56,inf,Obstacle is driving toward the ego car longitudinally. No lateral relative motion.
4.0,20025.0,Front-right,118.77,-106.96,114.26,-105.35,-7.58,-0.0,0.76,-0.93,15.08,inf,Obstacle is driving toward the ego car longitudinally. No lateral relative motion.
4.0,20035.0,Front-right,115.11,-101.02,110.6,-99.41,-7.58,-0.0,0.76,-0.93,14.6,inf,Obstacle is driving toward the ego car longitudinally. No lateral relative motion.
4.0,20039.0,Front-right,111.45,-95.08,106.95,-93.47,-7.58,-0.0,0.76,-0.93,14.11,inf,Obstacle is driving toward the ego car longitudinally. No lateral relative motion.
4.0,20042.0,Front-right,37.99,-6.02,33.48,-4.41,-20.35,7.03,0.74,-0.83,1.64,0.63,Obstacle is driving toward the ego car longitudinally. Obstacle is driving toward the ego car laterally from the right.
4.0,20043.0,Front-right,69.45,-30.9,64.94,-29.29,-17.31,10.05,0.8,-0.61,3.75,2.91,Obstacle is driving toward the ego car longitudinally. Obstacle is driving toward the ego car laterally from the right.
4.0,20044.0,Front-right,95.68,-63.69,91.17,-62.08,-15.08,10.81,0.88,-0.5,6.05,5.74,Obstacle is driving toward the ego car longitudinally. Obstacle is driving toward the ego car laterally from the right.
4.0,20045.0,Front-right,141.4,-162.21,136.89,-160.6,-7.58,0.0,0.76,-0.93,18.06,inf,Obstacle is driving toward the ego car longitudinally. No lateral relative motion.
4.0,20047.0,Front-right,135.89,-166.5,131.38,-164.89,-7.58,0.0,0.76,-0.93,17.34,inf,Obstacle is driving toward the ego car longitudinally. No lateral relative motion.
4.0,20049.0,Front-right,125.76,-174.39,121.25,-172.78,-7.58,0.0,0.76,-0.93,16.0,inf,Obstacle is driving toward the ego car longitudinally. No lateral relative motion.
4.0,20050.0,Front-right,118.71,-179.88,114.2,-178.27,-7.58,0.0,0.76,-0.93,15.07,inf,Obstacle is driving toward the ego car longitudinally. No lateral relative motion.
4.0,20051.0,Front-right,113.2,-184.17,108.69,-182.56,-7.58,0.0,0.76,-0.93,14.34,inf,Obstacle is driving toward the ego car longitudinally. No lateral relative motion.
4.0,20052.0,Front-right,107.49,-188.63,102.98,-187.02,-7.15,0.33,0.12,-0.79,14.4,563.34,Obstacle is driving toward the ego car longitudinally. Obstacle is driving toward the ego car laterally from the right.
4.0,20053.0,Front-right,100.58,-194.01,96.07,-192.4,-6.27,1.02,0.21,-0.81,15.31,189.53,Obstacle is driving toward the ego car longitudinally. Obstacle is driving toward the ego car laterally from the right.
4.0,20054.0,Front-right,85.46,-55.33,80.95,-53.72,-0.75,-9.12,1.14,0.6,107.61,inf,Obstacle is driving toward the ego car longitudinally. Obstacle is moving away laterally to the right.
4.0,20055.0,Front-right,88.47,-203.44,83.96,-201.83,-6.32,0.98,0.97,-0.98,13.28,206.35,Obstacle is driving toward the ego car longitudinally. Obstacle is driving toward the ego car laterally from the right.
4.0,20056.0,Front-right,80.03,-210.02,75.52,-208.41,-6.7,0.69,0.94,-0.98,11.28,303.36,Obstacle is driving toward the ego car longitudinally. Obstacle is driving toward the ego car laterally from the right.
4.0,20057.0,Front-right,164.17,-140.33,159.66,-138.72,-10.21,-1.97,2.62,-1.41,15.64,inf,Obstacle is driving toward the ego car longitudinally. Obstacle is moving away laterally to the right.
4.0,20058.0,Front-right,73.54,-215.07,69.04,-213.46,-6.72,0.67,0.56,-0.89,10.28,318.2,Obstacle is driving toward the ego car longitudinally. Obstacle is driving toward the ego car laterally from the right.
4.0,20059.0,Front-right,65.65,-32.01,61.14,-30.4,1.3,-9.17,0.74,-1.09,inf,inf,Obstacle is moving away longitudinally. Obstacle is moving away laterally to the right.
4.0,20060.0,Front-right,178.01,-129.68,173.5,-128.07,-13.58,-4.85,3.15,-1.45,12.77,inf,Obstacle is driving toward the ego car longitudinally. Obstacle is moving away laterally to the right.
4.0,20061.0,Front-right,66.31,-220.71,61.81,-219.1,-5.75,1.42,-0.23,-0.7,10.74,154.13,Obstacle is driving toward the ego car longitudinally. Obstacle is driving toward the ego car laterally from the right.
4.0,20062.0,Front-right,46.56,-15.76,42.05,-14.15,2.7,-7.12,0.79,-1.37,inf,inf,Obstacle is moving away longitudinally. Obstacle is moving away laterally to the right.
4.0,20063.0,Front-right,26.03,-3.98,21.52,-2.37,3.11,-3.8,1.0,-1.64,inf,inf,Obstacle is moving away longitudinally. Obstacle is moving away laterally to the right.
4.0,20064.0,Front-right,53.42,-230.76,48.91,-229.15,-2.28,4.13,-1.42,-0.43,21.46,55.5,Obstacle is driving toward the ego car longitudinally. Obstacle is driving toward the ego car laterally from the right.
4.0,20066.0,Front-right,20.43,-256.46,15.92,-254.85,2.82,8.1,0.32,-0.83,inf,31.47,Obstacle is moving away longitudinally. Obstacle is driving toward the ego car laterally from the right.
5.0,20003.0,Front-right,143.77,-139.14,139.26,-137.53,-7.37,-0.0,0.52,-0.67,18.89,inf,Obstacle is driving toward the ego car longitudinally. No lateral relative motion.
5.0,20007.0,Front-right,139.58,-133.56,135.08,-131.95,-7.37,-0.0,0.52,-0.67,18.32,inf,Obstacle is driving toward the ego car longitudinally. No lateral relative motion.
5.0,20013.0,Front-right,135.54,-127.88,131.03,-126.27,-7.37,-0.0,0.52,-0.67,17.77,inf,Obstacle is driving toward the ego car longitudinally. No lateral relative motion.
5.0,20017.0,Front-right,131.56,-122.14,127.05,-120.53,-7.37,-0.0,0.52,-0.67,17.23,inf,Obstacle is driving toward the ego car longitudinally. No lateral relative motion.
5.0,20019.0,Front-right,127.67,-116.34,123.17,-114.73,-7.37,-0.0,0.52,-0.67,16.7,inf,Obstacle is driving toward the ego car longitudinally. No lateral relative motion.
5.0,20021.0,Front-right,123.82,-110.52,119.31,-108.91,-7.37,-0.0,0.52,-0.67,16.18,inf,Obstacle is driving toward the ego car longitudinally. No lateral relative motion.
5.0,20025.0,Front-right,120.04,-104.65,115.54,-103.04,-7.37,-0.0,0.52,-0.67,15.67,inf,Obstacle is driving toward the ego car longitudinally. No lateral relative motion.
5.0,20035.0,Front-right,116.27,-98.78,111.76,-97.17,-7.37,-0.0,0.52,-0.67,15.16,inf,Obstacle is driving toward the ego car longitudinally. No lateral relative motion.
5.0,20039.0,Front-right,112.5,-92.91,107.99,-91.3,-7.37,-0.0,0.52,-0.67,14.64,inf,Obstacle is driving toward the ego car longitudinally. No lateral relative motion.
5.0,20042.0,Front-right,36.02,-4.6,31.51,-2.99,-20.29,6.79,0.5,-0.56,1.55,0.44,Obstacle is driving toward the ego car longitudinally. Obstacle is driving toward the ego car laterally from the right.
5.0,20043.0,Front-right,68.22,-28.53,63.72,-26.92,-17.33,9.89,0.56,-0.35,3.68,2.72,Obstacle is driving toward the ego car longitudinally. Obstacle is driving toward the ego car laterally from the right.
5.0,20044.0,Front-right,95.31,-60.71,90.8,-59.1,-15.11,10.7,0.65,-0.23,6.01,5.52,Obstacle is driving toward the ego car longitudinally. Obstacle is driving toward the ego car laterally from the right.
5.0,20045.0,Front-right,143.73,-159.45,139.22,-157.84,-7.37,0.0,0.52,-0.67,18.88,inf,Obstacle is driving toward the ego car longitudinally. No lateral relative motion.
5.0,20047.0,Front-right,138.31,-163.84,133.8,-162.23,-7.37,0.0,0.52,-0.67,18.14,inf,Obstacle is driving toward the ego car longitudinally. No lateral relative motion.
5.0,20049.0,Front-right,128.33,-171.93,123.83,-170.32,-7.37,0.0,0.52,-0.67,16.79,inf,Obstacle is driving toward the ego car longitudinally. No lateral relative motion.
5.0,20050.0,Front-right,121.39,-177.55,116.88,-175.94,-7.37,0.0,0.52,-0.67,15.85,inf,Obstacle is driving toward the ego car longitudinally. No lateral relative motion.
5.0,20051.0,Front-right,115.97,-181.95,111.46,-180.34,-7.37,0.0,0.52,-0.67,15.11,inf,Obstacle is driving toward the ego car longitudinally. No lateral relative motion.
5.0,20052.0,Front-right,110.38,-186.48,105.87,-184.87,-7.01,0.3,-0.12,-0.52,15.11,618.14,Obstacle is driving toward the ego car longitudinally. Obstacle is driving toward the ego car laterally from the right.
5.0,20053.0,Front-right,103.66,-191.93,99.15,-190.32,-6.13,1.0,-0.03,-0.54,16.16,189.43,Obstacle is driving toward the ego car longitudinally. Obstacle is driving toward the ego car laterally from the right.
5.0,20054.0,Front-right,86.44,-54.56,81.93,-52.95,-0.47,-8.86,0.91,0.86,173.9,inf,Obstacle is driving toward the ego car longitudinally. Obstacle is moving away laterally to the right.
5.0,20055.0,Front-right,91.74,-201.6,87.23,-199.99,-6.12,1.02,0.73,-0.72,14.25,196.91,Obstacle is driving toward the ego car longitudinally. Obstacle is driving toward the ego car laterally from the right.
5.0,20056.0,Front-right,83.39,-208.37,78.88,-206.76,-6.49,0.72,0.7,-0.71,12.15,288.87,Obstacle is driving toward the ego car longitudinally. Obstacle is driving toward the ego car laterally from the right.
5.0,20057.0,Front-right,165.82,-137.33,161.32,-135.72,-9.81,-1.9,2.38,-1.14,16.44,inf,Obstacle is driving toward the ego car longitudinally. Obstacle is moving away laterally to the right.
5.0,20058.0,Front-right,77.0,-213.54,72.49,-211.93,-6.54,0.67,0.33,-0.62,11.08,314.07,Obstacle is driving toward the ego car longitudinally. Obstacle is driving toward the ego car laterally from the right.
5.0,20059.0,Front-right,66.39,-31.63,61.88,-30.02,1.69,-9.0,0.5,-0.82,inf,inf,Obstacle is moving away longitudinally. Obstacle is moving away laterally to the right.
5.0,20060.0,Front-right,179.13,-126.71,174.62,-125.1,-13.1,-4.81,2.91,-1.18,13.33,inf,Obstacle is driving toward the ego car longitudinally. Obstacle is moving away laterally to the right.
5.0,20061.0,Front-right,69.97,-219.24,65.46,-217.63,-5.66,1.39,-0.47,-0.44,11.57,156.29,Obstacle is driving toward the ego car longitudinally. Obstacle is driving toward the ego car laterally from the right.
5.0,20062.0,Front-right,47.12,-15.55,42.62,-13.94,3.08,-6.95,0.55,-1.1,inf,inf,Obstacle is moving away longitudinally. Obstacle is moving away laterally to the right.
5.0,20063.0,Front-right,26.41,-3.84,21.9,-2.23,3.12,-4.49,0.71,-1.39,inf,inf,Obstacle is moving away longitudinally. Obstacle is moving away laterally to the right.
5.0,20064.0,Front-right,57.6,-229.27,53.1,-227.66,-2.33,4.09,-1.66,-0.16,22.79,55.67,Obstacle is driving toward the ego car longitudinally. Obstacle is driving toward the ego car laterally from the right.
5.0,20066.0,Front-right,25.63,-255.19,21.12,-253.58,2.83,8.27,0.09,-0.57,inf,30.66,Obstacle is moving away longitudinally. Obstacle is driving toward the ego car laterally from the right.
6.0,20003.0,Front-right,146.35,-135.62,141.84,-134.01,-7.3,-0.0,0.21,-0.28,19.44,inf,Obstacle is driving toward the ego car longitudinally. No lateral relative motion.
6.0,20007.0,Front-right,142.03,-130.15,137.52,-128.54,-7.3,-0.0,0.21,-0.28,18.84,inf,Obstacle is driving toward the ego car longitudinally. No lateral relative motion.
6.0,20013.0,Front-right,137.84,-124.56,133.33,-122.95,-7.3,-0.0,0.21,-0.28,18.27,inf,Obstacle is driving toward the ego car longitudinally. No lateral relative motion.
6.0,20017.0,Front-right,133.73,-118.92,129.22,-117.31,-7.3,-0.0,0.21,-0.28,17.71,inf,Obstacle is driving toward the ego car longitudinally. No lateral relative motion.
6.0,20019.0,Front-right,129.7,-113.22,125.2,-111.61,-7.3,-0.0,0.21,-0.28,17.16,inf,Obstacle is driving toward the ego car longitudinally. No lateral relative motion.
6.0,20021.0,Front-right,125.71,-107.49,121.2,-105.88,-7.3,-0.0,0.21,-0.28,16.61,inf,Obstacle is driving toward the ego car longitudinally. No lateral relative motion.
6.0,20025.0,Front-right,121.79,-101.71,117.29,-100.1,-7.3,-0.0,0.21,-0.28,16.07,inf,Obstacle is driving toward the ego car longitudinally. No lateral relative motion.
6.0,20035.0,Front-right,117.88,-95.94,113.37,-94.33,-7.3,-0.0,0.21,-0.28,15.54,inf,Obstacle is driving toward the ego car longitudinally. No lateral relative motion.
6.0,20039.0,Front-right,113.96,-90.16,109.46,-88.55,-7.3,-0.0,0.21,-0.28,15.0,inf,Obstacle is driving toward the ego car longitudinally. No lateral relative motion.
6.0,20042.0,Front-right,34.05,-3.07,29.54,-1.46,-20.39,6.48,0.19,-0.18,1.45,0.23,Obstacle is driving toward the ego car longitudinally. Obstacle is driving toward the ego car laterally from the right.
6.0,20043.0,Front-right,67.09,-25.86,62.58,-24.25,-17.51,9.66,0.24,-0.01,3.57,2.51,Obstacle is driving toward the ego car longitudinally. Obstacle is driving toward the ego car laterally from the right.
6.0,20044.0,Front-right,95.16,-57.29,90.66,-55.68,-15.32,10.55,0.34,0.15,5.92,5.28,Obstacle is driving toward the ego car longitudinally. Obstacle is driving toward the ego car laterally from the right.
6.0,20045.0,Front-right,146.8,-155.92,142.29,-154.31,-7.3,0.0,0.21,-0.28,19.5,inf,Obstacle is driving toward the ego car longitudinally. No lateral relative motion.
6.0,20047.0,Front-right,141.48,-160.45,136.98,-158.84,-7.3,0.0,0.21,-0.28,18.77,inf,Obstacle is driving toward the ego car longitudinally. No lateral relative motion.
6.0,20049.0,Front-right,131.71,-168.77,127.2,-167.16,-7.3,0.0,0.21,-0.28,17.43,inf,Obstacle is driving toward the ego car longitudinally. No lateral relative motion.
6.0,20050.0,Front-right,124.91,-174.57,120.4,-172.96,-7.3,0.0,0.21,-0.28,16.5,inf,Obstacle is driving toward the ego car longitudinally. No lateral relative motion.
6.0,20051.0,Front-right,119.59,-179.09,115.08,-177.48,-7.3,0.0,0.21,-0.28,15.77,inf,Obstacle is driving toward the ego car longitudinally. No lateral relative motion.
6.0,20052.0,Front-right,114.14,-183.73,109.63,-182.12,-6.99,0.27,-0.42,-0.14,15.69,685.59,Obstacle is driving toward the ego car longitudinally. Obstacle is driving toward the ego car laterally from the right.
6.0,20053.0,Front-right,107.65,-189.26,103.14,-187.65,-6.13,1.0,-0.34,-0.16,16.84,188.05,Obstacle is driving toward the ego car longitudinally. Obstacle is driving toward the ego car laterally from the right.
6.0,20054.0,Front-right,87.69,-53.32,83.18,-51.71,-0.28,-8.57,0.6,1.25,294.46,inf,Obstacle is driving toward the ego car longitudinally. Obstacle is moving away laterally to the right.
6.0,20055.0,Front-right,95.96,-199.21,91.45,-197.6,-6.05,1.06,0.42,-0.33,15.11,186.49,Obstacle is driving toward the ego car longitudinally. Obstacle is driving toward the ego car laterally from the right.
6.0,20056.0,Front-right,87.74,-206.21,83.23,-204.6,-6.42,0.75,0.39,-0.33,12.97,273.14,Obstacle is driving toward the ego car longitudinally. Obstacle is driving toward the ego car laterally from the right.
6.0,20057.0,Front-right,168.12,-133.47,163.61,-131.86,-9.54,-1.84,2.08,-0.76,17.15,inf,Obstacle is driving toward the ego car longitudinally. Obstacle is moving away laterally to the right.
6.0,20058.0,Front-right,81.47,-211.55,76.97,-209.94,-6.5,0.68,0.02,-0.24,11.85,307.87,Obstacle is driving toward the ego car longitudinally. Obstacle is driving toward the ego car laterally from the right.
6.0,20059.0,Front-right,67.31,-30.9,62.81,-29.29,2.0,-8.79,0.19,-0.44,inf,inf,Obstacle is moving away longitudinally. Obstacle is moving away laterally to the right.
6.0,20060.0,Front-right,180.84,-122.82,176.34,-121.21,-12.72,-4.78,2.61,-0.8,13.86,inf,Obstacle is driving toward the ego car longitudinally. Obstacle is moving away laterally to the right.
6.0,20061.0,Front-right,74.67,-217.35,70.16,-215.74,-5.69,1.37,-0.78,-0.05,12.33,157.72,Obstacle is driving toward the ego car longitudinally. Obstacle is driving toward the ego car laterally from the right.
6.0,20062.0,Front-right,47.78,-15.11,43.27,-13.5,3.01,-7.24,0.22,-0.72,inf,inf,Obstacle is moving away longitudinally. Obstacle is moving away laterally to the right.
6.0,20063.0,Front-right,26.81,-3.63,22.3,-2.02,3.37,-4.26,0.4,-1.0,inf,inf,Obstacle is moving away longitudinally. Obstacle is moving away laterally to the right.
6.0,20064.0,Front-right,62.87,-227.39,58.36,-225.78,-2.52,4.07,-1.97,0.22,23.12,55.54,Obstacle is driving toward the ego car longitudinally. Obstacle is driving toward the ego car laterally from the right.
6.0,20066.0,Front-right,32.04,-253.64,27.54,-252.03,2.67,8.49,-0.22,-0.18,inf,29.7,Obstacle is moving away longitudinally. Obstacle is driving toward the ego car laterally from the right.
7.0,20003.0,Front-right,147.35,-133.72,142.84,-132.11,-7.24,-0.0,0.17,-0.23,19.74,inf,Obstacle is driving toward the ego car longitudinally. No lateral relative motion.
7.0,20007.0,Front-right,142.96,-128.3,138.45,-126.69,-7.24,-0.0,0.17,-0.23,19.13,inf,Obstacle is driving toward the ego car longitudinally. No lateral relative motion.
7.0,20013.0,Front-right,138.71,-122.77,134.2,-121.16,-7.24,-0.0,0.17,-0.23,18.55,inf,Obstacle is driving toward the ego car longitudinally. No lateral relative motion.
7.0,20017.0,Front-right,134.52,-117.19,130.01,-115.58,-7.24,-0.0,0.17,-0.23,17.97,inf,Obstacle is driving toward the ego car longitudinally. No lateral relative motion.
7.0,20019.0,Front-right,130.42,-111.53,125.91,-109.92,-7.24,-0.0,0.17,-0.23,17.4,inf,Obstacle is driving toward the ego car longitudinally. No lateral relative motion.
7.0,20021.0,Front-right,126.35,-105.86,121.84,-104.25,-7.24,-0.0,0.17,-0.23,16.84,inf,Obstacle is driving toward the ego car longitudinally. No lateral relative motion.
7.0,20025.0,Front-right,122.36,-100.13,117.85,-98.52,-7.24,-0.0,0.17,-0.23,16.29,inf,Obstacle is driving toward the ego car longitudinally. No lateral relative motion.
7.0,20035.0,Front-right,118.37,-94.41,113.86,-92.8,-7.24,-0.0,0.17,-0.23,15.74,inf,Obstacle is driving toward the ego car longitudinally. No lateral relative motion.
7.0,20039.0,Front-right,114.39,-88.68,109.88,-87.07,-7.24,-0.0,0.17,-0.23,15.18,inf,Obstacle is driving toward the ego car longitudinally. No lateral relative motion.
7.0,20042.0,Front-right,32.02,-2.0,27.52,-0.39,-20.42,6.31,0.15,-0.13,1.35,0.06,Obstacle is driving toward the ego car longitudinally. Obstacle is driving toward the ego car laterally from the right.
7.0,20043.0,Front-right,65.58,-24.04,61.07,-22.43,-18.02,9.05,0.19,0.05,3.39,2.48,Obstacle is driving toward the ego car longitudinally. Obstacle is driving toward the ego car laterally from the right.
7.0,20044.0,Front-right,94.31,-54.96,89.8,-53.35,-15.42,10.47,0.28,0.15,5.82,5.09,Obstacle is driving toward the ego car longitudinally. Obstacle is driving toward the ego car laterally from the right.
7.0,20045.0,Front-right,148.07,-154.01,143.56,-152.4,-7.24,0.0,0.17,-0.23,19.84,inf,Obstacle is driving toward the ego car longitudinally. No lateral relative motion.
7.0,20047.0,Front-right,142.81,-158.61,138.3,-157.0,-7.24,0.0,0.17,-0.23,19.11,inf,Obstacle is driving toward the ego car longitudinally. No lateral relative motion.
7.0,20049.0,Front-right,133.14,-167.06,128.63,-165.45,-7.24,0.0,0.17,-0.23,17.78,inf,Obstacle is driving toward the ego car longitudinally. No lateral relative motion.
7.0,20050.0,Front-right,126.41,-172.94,121.91,-171.33,-7.24,0.0,0.17,-0.23,16.85,inf,Obstacle is driving toward the ego car longitudinally. No lateral relative motion.
7.0,20051.0,Front-right,121.16,-177.54,116.65,-175.93,-7.24,0.0,0.17,-0.23,16.12,inf,Obstacle is driving toward the ego car longitudinally. No lateral relative motion.
7.0,20052.0,Front-right,115.8,-182.22,111.29,-180.61,-6.98,0.23,-0.47,-0.08,15.95,796.32,Obstacle is driving toward the ego car longitudinally. Obstacle is driving toward the ego car laterally from the right.
7.0,20053.0,Front-right,109.46,-187.76,104.95,-186.15,-6.12,0.98,-0.38,-0.1,17.15,190.75,Obstacle is driving toward the ego car longitudinally. Obstacle is driving toward the ego car laterally from the right.
7.0,20054.0,Front-right,88.35,-53.03,83.84,-51.42,-0.21,-8.35,0.55,1.3,393.67,inf,Obstacle is driving toward the ego car longitudinally. Obstacle is moving away laterally to the right.
7.0,20055.0,Front-right,97.92,-197.85,93.41,-196.24,-5.99,1.09,0.38,-0.28,15.59,180.08,Obstacle is driving toward the ego car longitudinally. Obstacle is driving toward the ego car laterally from the right.
7.0,20056.0,Front-right,89.75,-204.99,85.24,-203.38,-6.35,0.77,0.35,-0.27,13.42,263.19,Obstacle is driving toward the ego car longitudinally. Obstacle is driving toward the ego car laterally from the right.
7.0,20057.0,Front-right,168.88,-131.47,164.37,-129.86,-9.31,-1.74,2.03,-0.71,17.66,inf,Obstacle is driving toward the ego car longitudinally. Obstacle is moving away laterally to the right.
7.0,20058.0,Front-right,83.54,-210.41,79.03,-208.8,-6.46,0.68,-0.03,-0.19,12.24,307.45,Obstacle is driving toward the ego car longitudinally. Obstacle is driving toward the ego car laterally from the right.
7.0,20059.0,Front-right,67.91,-30.89,63.41,-29.28,2.18,-8.68,0.15,-0.39,inf,inf,Obstacle is moving away longitudinally. Obstacle is moving away laterally to the right.
7.0,20060.0,Front-right,181.15,-120.95,176.65,-119.34,-12.41,-4.69,2.56,-0.75,14.23,inf,Obstacle is driving toward the ego car longitudinally. Obstacle is moving away laterally to the right.
7.0,20061.0,Front-right,76.89,-216.23,72.38,-214.62,-5.72,1.32,-0.82,-0.0,12.64,162.4,Obstacle is driving toward the ego car longitudinally. Obstacle is driving toward the ego car laterally from the right.
7.0,20062.0,Front-right,48.28,-15.21,43.77,-13.6,3.2,-7.13,0.18,-0.67,inf,inf,Obstacle is moving away longitudinally. Obstacle is moving away laterally to the right.
7.0,20063.0,Front-right,27.19,-3.7,22.69,-2.09,3.55,-4.15,0.36,-0.95,inf,inf,Obstacle is moving away longitudinally. Obstacle is moving away laterally to the right.
7.0,20064.0,Front-right,65.53,-226.15,61.03,-224.54,-2.68,3.98,-2.01,0.27,22.74,56.42,Obstacle is driving toward the ego car longitudinally. Obstacle is driving toward the ego car laterally from the right.
7.0,20066.0,Front-right,35.57,-252.35,31.06,-250.74,2.58,8.58,-0.27,-0.13,inf,29.21,Obstacle is moving away longitudinally. Obstacle is driving toward the ego car laterally from the right.
8.0,20003.0,Front-right,149.38,-130.62,144.87,-129.01,-7.19,-0.0,0.12,-0.18,20.15,inf,Obstacle is driving toward the ego car longitudinally. No lateral relative motion.
8.0,20007.0,Front-right,144.88,-125.29,140.37,-123.68,-7.19,-0.0,0.12,-0.18,19.53,inf,Obstacle is driving toward the ego car longitudinally. No lateral relative motion.
8.0,20013.0,Front-right,140.51,-119.85,136.0,-118.24,-7.19,-0.0,0.12,-0.18,18.92,inf,Obstacle is driving toward the ego car longitudinally. No lateral relative motion.
8.0,20017.0,Front-right,136.2,-114.36,131.7,-112.75,-7.19,-0.0,0.12,-0.18,18.32,inf,Obstacle is driving toward the ego car longitudinally. No lateral relative motion.
8.0,20019.0,Front-right,131.99,-108.79,127.48,-107.18,-7.19,-0.0,0.12,-0.18,17.73,inf,Obstacle is driving toward the ego car longitudinally. No lateral relative motion.
8.0,20021.0,Front-right,127.81,-103.2,123.3,-101.59,-7.19,-0.0,0.12,-0.18,17.15,inf,Obstacle is driving toward the ego car longitudinally. No lateral relative motion.
8.0,20025.0,Front-right,123.7,-97.56,119.19,-95.95,-7.19,-0.0,0.12,-0.18,16.58,inf,Obstacle is driving toward the ego car longitudinally. No lateral relative motion.
8.0,20035.0,Front-right,119.59,-91.92,115.08,-90.31,-7.19,-0.0,0.12,-0.18,16.01,inf,Obstacle is driving toward the ego car longitudinally. No lateral relative motion.
8.0,20039.0,Front-right,115.48,-86.28,110.97,-84.67,-7.19,-0.0,0.12,-0.18,15.44,inf,Obstacle is driving toward the ego car longitudinally. No lateral relative motion.
8.0,20042.0,Front,29.99,-0.72,25.48,0.0,-20.51,6.04,0.11,-0.08,1.24,0.0,Obstacle is driving toward the ego car longitudinally. Exact lateral alignment or unknown case.
8.0,20043.0,Front-right,64.2,-21.75,59.69,-20.14,-18.19,8.84,0.15,0.1,3.28,2.28,Obstacle is driving toward the ego car longitudinally. Obstacle is driving toward the ego car laterally from the right.
8.0,20044.0,Front-right,93.83,-51.9,89.32,-50.29,-15.61,10.33,0.24,0.2,5.72,4.87,Obstacle is driving toward the ego car longitudinally. Obstacle is driving toward the ego car laterally from the right.
8.0,20045.0,Front-right,150.52,-150.89,146.01,-149.28,-7.19,0.0,0.12,-0.18,20.31,inf,Obstacle is driving toward the ego car longitudinally. No lateral relative motion.
8.0,20047.0,Front-right,145.36,-155.6,140.85,-153.99,-7.19,0.0,0.12,-0.18,19.59,inf,Obstacle is driving toward the ego car longitudinally. No lateral relative motion.
8.0,20049.0,Front-right,135.87,-164.25,131.36,-162.64,-7.19,0.0,0.12,-0.18,18.27,inf,Obstacle is driving toward the ego car longitudinally. No lateral relative motion.
8.0,20050.0,Front-right,129.27,-170.27,124.76,-168.66,-7.19,0.0,0.12,-0.18,17.35,inf,Obstacle is driving toward the ego car longitudinally. No lateral relative motion.
8.0,20051.0,Front-right,124.1,-174.97,119.6,-173.36,-7.19,0.0,0.12,-0.18,16.64,inf,Obstacle is driving toward the ego car longitudinally. No lateral relative motion.
8.0,20052.0,Front-right,118.87,-179.74,114.36,-178.13,-6.98,0.19,-0.51,-0.03,16.38,946.33,Obstacle is driving toward the ego car longitudinally. Obstacle is driving toward the ego car laterally from the right.
8.0,20053.0,Front-right,112.73,-185.34,108.22,-183.73,-6.14,0.96,-0.42,-0.05,17.64,191.17,Obstacle is driving toward the ego car longitudinally. Obstacle is driving toward the ego car laterally from the right.
8.0,20054.0,Front-right,89.4,-52.01,84.89,-50.4,-0.39,-8.34,0.57,1.34,216.4,inf,Obstacle is driving toward the ego car longitudinally. Obstacle is moving away laterally to the right.
8.0,20055.0,Front-right,101.42,-195.65,96.91,-194.04,-5.95,1.13,0.33,-0.23,16.29,171.74,Obstacle is driving toward the ego car longitudinally. Obstacle is driving toward the ego car laterally from the right.
8.0,20056.0,Front-right,93.37,-202.99,88.86,-201.38,-6.31,0.8,0.31,-0.22,14.09,250.57,Obstacle is driving toward the ego car longitudinally. Obstacle is driving toward the ego car laterally from the right.
8.0,20057.0,Front-right,170.66,-128.09,166.15,-126.48,-9.08,-1.66,1.99,-0.65,18.3,inf,Obstacle is driving toward the ego car longitudinally. Obstacle is moving away laterally to the right.
8.0,20058.0,Front-right,87.26,-208.56,82.75,-206.95,-6.44,0.68,-0.07,-0.14,12.85,303.53,Obstacle is driving toward the ego car longitudinally. Obstacle is driving toward the ego car laterally from the right.
8.0,20059.0,Front-right,68.78,-30.32,64.27,-28.71,2.42,-8.49,0.11,-0.34,inf,inf,Obstacle is moving away longitudinally. Obstacle is moving away laterally to the right.
8.0,20060.0,Front-right,182.41,-117.62,177.9,-116.01,-12.09,-4.63,2.52,-0.69,14.72,inf,Obstacle is driving toward the ego car longitudinally. Obstacle is moving away laterally to the right.
8.0,20061.0,Front-right,80.8,-214.45,76.29,-212.84,-5.78,1.28,-0.86,0.05,13.2,165.7,Obstacle is driving toward the ego car longitudinally. Obstacle is driving toward the ego car laterally from the right.
8.0,20062.0,Front-right,48.92,-14.89,44.41,-13.28,3.43,-6.93,0.14,-0.62,inf,inf,Obstacle is moving away longitudinally. Obstacle is moving away laterally to the right.
8.0,20063.0,Front-right,27.63,-3.52,23.12,-1.91,3.76,-3.95,0.31,-0.9,inf,inf,Obstacle is moving away longitudinally. Obstacle is moving away laterally to the right.
8.0,20064.0,Front-right,69.95,-224.34,65.44,-222.73,-2.89,3.92,-2.05,0.32,22.68,56.77,Obstacle is driving toward the ego car longitudinally. Obstacle is driving toward the ego car laterally from the right.
8.0,20066.0,Front-right,41.06,-250.68,36.55,-249.07,2.42,8.76,-0.31,-0.08,inf,28.44,Obstacle is moving away longitudinally. Obstacle is driving toward the ego car laterally from the right.
9.0,20003.0,Front-right,151.19,-127.66,146.68,-126.05,-7.17,-0.0,0.05,-0.08,20.46,inf,Obstacle is driving toward the ego car longitudinally. No lateral relative motion.
9.0,20007.0,Front-right,146.59,-122.43,142.08,-120.82,-7.17,-0.0,0.05,-0.08,19.81,inf,Obstacle is driving toward the ego car longitudinally. No lateral relative motion.
9.0,20013.0,Front-right,142.11,-117.07,137.6,-115.46,-7.17,-0.0,0.05,-0.08,19.19,inf,Obstacle is driving toward the ego car longitudinally. No lateral relative motion.
9.0,20017.0,Front-right,137.7,-111.66,133.19,-110.05,-7.17,-0.0,0.05,-0.08,18.58,inf,Obstacle is driving toward the ego car longitudinally. No lateral relative motion.
9.0,20019.0,Front-right,133.38,-106.18,128.87,-104.57,-7.17,-0.0,0.05,-0.08,17.97,inf,Obstacle is driving toward the ego car longitudinally. No lateral relative motion.
9.0,20021.0,Front-right,129.08,-100.68,124.57,-99.07,-7.17,-0.0,0.05,-0.08,17.37,inf,Obstacle is driving toward the ego car longitudinally. No lateral relative motion.
9.0,20025.0,Front-right,124.86,-95.12,120.36,-93.51,-7.17,-0.0,0.05,-0.08,16.79,inf,Obstacle is driving toward the ego car longitudinally. No lateral relative motion.
9.0,20035.0,Front-right,120.65,-89.55,116.14,-87.94,-7.17,-0.0,0.05,-0.08,16.2,inf,Obstacle is driving toward the ego car longitudinally. No lateral relative motion.
9.0,20039.0,Front-right,116.43,-84.0,111.92,-82.39,-7.17,-0.0,0.05,-0.08,15.61,inf,Obstacle is driving toward the ego car longitudinally. No lateral relative motion.
9.0,20042.0,Front,27.9,0.4,23.39,0.0,-21.03,4.7,0.03,0.01,1.11,0.0,Obstacle is driving toward the ego car longitudinally. Exact lateral alignment or unknown case.
9.0,20043.0,Front-right,62.73,-19.6,58.23,-17.99,-18.36,8.64,0.07,0.2,3.17,2.08,Obstacle is driving toward the ego car longitudinally. Obstacle is driving toward the ego car laterally from the right.
9.0,20044.0,Front-right,93.21,-48.99,88.7,-47.38,-15.82,10.2,0.16,0.3,5.61,4.65,Obstacle is driving toward the ego car longitudinally. Obstacle is driving toward the ego car laterally from the right.
9.0,20045.0,Front-right,152.73,-147.91,148.22,-146.3,-7.17,0.0,0.05,-0.08,20.67,inf,Obstacle is driving toward the ego car longitudinally. No lateral relative motion.
9.0,20047.0,Front-right,147.66,-152.72,143.15,-151.11,-7.17,0.0,0.05,-0.08,19.96,inf,Obstacle is driving toward the ego car longitudinally. No lateral relative motion.
9.0,20049.0,Front-right,138.34,-161.55,133.83,-159.94,-7.17,0.0,0.05,-0.08,18.67,inf,Obstacle is driving toward the ego car longitudinally. No lateral relative motion.
9.0,20050.0,Front-right,131.86,-167.7,127.35,-166.09,-7.17,0.0,0.05,-0.08,17.76,inf,Obstacle is driving toward the ego car longitudinally. No lateral relative motion.
9.0,20051.0,Front-right,126.79,-172.5,122.28,-170.89,-7.17,0.0,0.05,-0.08,17.05,inf,Obstacle is driving toward the ego car longitudinally. No lateral relative motion.
9.0,20052.0,Front-right,121.67,-177.36,117.16,-175.75,-7.0,0.16,-0.37,0.02,16.74,1083.68,Obstacle is driving toward the ego car longitudinally. Obstacle is driving toward the ego car laterally from the right.
9.0,20053.0,Front-right,115.72,-183.0,111.22,-181.39,-6.19,0.93,-0.69,0.09,17.97,195.21,Obstacle is driving toward the ego car longitudinally. Obstacle is driving toward the ego car laterally from the right.
9.0,20054.0,Front-right,90.37,-51.06,85.86,-49.45,-0.33,-8.06,0.56,1.66,261.39,inf,Obstacle is driving toward the ego car longitudinally. Obstacle is moving away laterally to the right.
9.0,20055.0,Front-right,104.63,-193.51,100.13,-191.9,-5.95,1.16,0.11,-0.09,16.83,165.73,Obstacle is driving toward the ego car longitudinally. Obstacle is driving toward the ego car laterally from the right.
9.0,20056.0,Front-right,96.69,-201.04,92.19,-199.43,-6.29,0.84,0.29,-0.14,14.66,238.02,Obstacle is driving toward the ego car longitudinally. Obstacle is driving toward the ego car laterally from the right.
9.0,20057.0,Front-right,172.24,-124.88,167.73,-123.27,-8.89,-1.56,1.92,-0.55,18.87,inf,Obstacle is driving toward the ego car longitudinally. Obstacle is moving away laterally to the right.
9.0,20058.0,Front-right,90.68,-206.74,86.18,-205.13,-6.44,0.69,0.0,-0.07,13.38,296.13,Obstacle is driving toward the ego car longitudinally. Obstacle is driving toward the ego car laterally from the right.
9.0,20059.0,Front-right,69.61,-29.79,65.11,-28.18,2.58,-8.28,0.09,0.23,inf,inf,Obstacle is moving away longitudinally. Obstacle is moving away laterally to the right.
9.0,20060.0,Front-right,183.49,-114.49,178.98,-112.88,-11.8,-4.55,2.46,-0.59,15.16,inf,Obstacle is driving toward the ego car longitudinally. Obstacle is moving away laterally to the right.
9.0,20061.0,Front-right,84.4,-212.69,79.89,-211.08,-5.84,1.26,-0.72,0.1,13.67,167.86,Obstacle is driving toward the ego car longitudinally. Obstacle is driving toward the ego car laterally from the right.
9.0,20062.0,Front-right,49.56,-14.6,45.05,-12.99,3.61,-6.74,0.06,-0.45,inf,inf,Obstacle is moving away longitudinally. Obstacle is moving away laterally to the right.
9.0,20063.0,Front-right,28.05,-3.41,23.55,-1.8,3.58,-4.63,0.18,-0.77,inf,inf,Obstacle is moving away longitudinally. Obstacle is moving away laterally to the right.
9.0,20064.0,Front-right,74.02,-222.53,69.52,-220.92,-3.09,3.87,-1.94,0.38,22.47,57.14,Obstacle is driving toward the ego car longitudinally. Obstacle is driving toward the ego car laterally from the right.
9.0,20066.0,Front-right,46.18,-248.93,41.67,-247.32,2.19,8.87,-0.98,0.16,inf,27.88,Obstacle is moving away longitudinally. Obstacle is driving toward the ego car laterally from the right.
10.0,20003.0,Front-right,151.76,-126.13,147.25,-124.52,-7.16,-0.0,0.03,-0.05,20.57,inf,Obstacle is driving toward the ego car longitudinally. No lateral relative motion.
10.0,20007.0,Front-right,147.1,-120.94,142.59,-119.33,-7.16,-0.0,0.03,-0.05,19.92,inf,Obstacle is driving toward the ego car longitudinally. No lateral relative motion.
10.0,20013.0,Front-right,142.57,-115.63,138.06,-114.02,-7.16,-0.0,0.03,-0.05,19.29,inf,Obstacle is driving toward the ego car longitudinally. No lateral relative motion.
10.0,20017.0,Front-right,138.1,-110.27,133.59,-108.66,-7.16,-0.0,0.03,-0.05,18.66,inf,Obstacle is driving toward the ego car longitudinally. No lateral relative motion.
10.0,20019.0,Front-right,133.73,-104.83,129.22,-103.22,-7.16,-0.0,0.03,-0.05,18.05,inf,Obstacle is driving toward the ego car longitudinally. No lateral relative motion.
10.0,20021.0,Front-right,129.38,-99.37,124.87,-97.76,-7.16,-0.0,0.03,-0.05,17.45,inf,Obstacle is driving toward the ego car longitudinally. No lateral relative motion.
10.0,20025.0,Front-right,125.1,-93.85,120.59,-92.24,-7.16,-0.0,0.03,-0.05,16.85,inf,Obstacle is driving toward the ego car longitudinally. No lateral relative motion.
10.0,20035.0,Front-right,120.83,-88.33,116.32,-86.72,-7.16,-0.0,0.03,-0.05,16.25,inf,Obstacle is driving toward the ego car longitudinally. No lateral relative motion.
10.0,20039.0,Front-right,116.56,-82.82,112.05,-81.21,-7.16,-0.0,0.03,-0.05,15.65,inf,Obstacle is driving toward the ego car longitudinally. No lateral relative motion.
10.0,20042.0,Front,25.77,1.14,21.26,0.0,-21.07,4.56,0.01,0.04,1.01,0.0,Obstacle is driving toward the ego car longitudinally. Exact lateral alignment or unknown case.
10.0,20043.0,Front-right,61.04,-18.08,56.54,-16.47,-18.46,8.55,0.05,0.23,3.06,1.93,Obstacle is driving toward the ego car longitudinally. Obstacle is driving toward the ego car laterally from the right.
10.0,20044.0,Front-right,92.07,-47.0,87.56,-45.39,-15.94,10.14,0.14,0.33,5.49,4.48,Obstacle is driving toward the ego car longitudinally. Obstacle is driving toward the ego car laterally from the right.
10.0,20045.0,Front-right,153.5,-146.36,148.99,-144.75,-7.16,0.0,0.03,-0.05,20.81,inf,Obstacle is driving toward the ego car longitudinally. No lateral relative motion.
10.0,20047.0,Front-right,148.48,-151.22,143.97,-149.61,-7.16,0.0,0.03,-0.05,20.11,inf,Obstacle is driving toward the ego car longitudinally. No lateral relative motion.
10.0,20049.0,Front-right,139.25,-160.14,134.74,-158.53,-7.16,0.0,0.03,-0.05,18.82,inf,Obstacle is driving toward the ego car longitudinally. No lateral relative motion.
10.0,20050.0,Front-right,132.83,-166.36,128.32,-164.75,-7.16,0.0,0.03,-0.05,17.93,inf,Obstacle is driving toward the ego car longitudinally. No lateral relative motion.
10.0,20051.0,Front-right,127.81,-171.21,123.3,-169.6,-7.16,0.0,0.03,-0.05,17.23,inf,Obstacle is driving toward the ego car longitudinally. No lateral relative motion.
10.0,20052.0,Front-right,122.75,-176.11,118.24,-174.5,-7.02,0.13,-0.39,0.05,16.84,1306.98,Obstacle is driving toward the ego car longitudinally. Obstacle is driving toward the ego car laterally from the right.
10.0,20053.0,Front-right,116.94,-181.73,112.44,-180.12,-6.24,0.89,-0.71,0.12,18.01,203.25,Obstacle is driving toward the ego car longitudinally. Obstacle is driving toward the ego car laterally from the right.
10.0,20054.0,Front-right,90.85,-50.93,86.34,-49.32,-0.35,-7.86,0.54,1.69,244.37,inf,Obstacle is driving toward the ego car longitudinally. Obstacle is moving away laterally to the right.
10.0,20055.0,Front-right,105.99,-192.33,101.48,-190.72,-5.94,1.17,0.09,-0.06,17.07,162.42,Obstacle is driving toward the ego car longitudinally. Obstacle is driving toward the ego car laterally from the right.
10.0,20056.0,Front-right,98.09,-199.96,93.58,-198.35,-6.26,0.86,0.27,-0.11,14.94,229.58,Obstacle is driving toward the ego car longitudinally. Obstacle is driving toward the ego car laterally from the right.
10.0,20057.0,Front-right,172.61,-123.29,168.1,-121.68,-8.72,-1.45,1.9,-0.52,19.28,inf,Obstacle is driving toward the ego car longitudinally. Obstacle is moving away laterally to the right.
10.0,20058.0,Front-right,92.12,-205.74,87.61,-204.13,-6.44,0.7,-0.02,-0.04,13.61,293.14,Obstacle is driving toward the ego car longitudinally. Obstacle is driving toward the ego car laterally from the right.
10.0,20059.0,Front-right,70.14,-29.94,65.63,-28.33,2.27,-8.6,0.08,0.26,inf,inf,Obstacle is moving away longitudinally. Obstacle is moving away laterally to the right.
10.0,20060.0,Front-right,183.47,-113.08,178.96,-111.47,-11.57,-4.42,2.44,-0.57,15.47,inf,Obstacle is driving toward the ego car longitudinally. Obstacle is moving away laterally to the right.
10.0,20061.0,Front-right,85.96,-211.7,81.45,-210.09,-5.9,1.22,-0.74,0.13,13.8,172.77,Obstacle is driving toward the ego car longitudinally. Obstacle is driving toward the ego car laterally from the right.
10.0,20062.0,Front-right,50.07,-14.76,45.56,-13.15,3.72,-6.65,0.04,-0.42,inf,inf,Obstacle is moving away longitudinally. Obstacle is moving away laterally to the right.
10.0,20063.0,Front-right,28.45,-3.58,23.94,-1.97,3.71,-4.55,0.16,-0.74,inf,inf,Obstacle is moving away longitudinally. Obstacle is moving away laterally to the right.
10.0,20064.0,Front-right,75.95,-221.39,71.44,-219.78,-3.27,3.76,-1.96,0.41,21.87,58.38,Obstacle is driving toward the ego car longitudinally. Obstacle is driving toward the ego car laterally from the right.
10.0,20066.0,Front-right,48.9,-247.56,44.39,-245.95,2.03,8.89,-1.0,0.19,inf,27.66,Obstacle is moving away longitudinally. Obstacle is driving toward the ego car laterally from the right.
11.0,20003.0,Front-right,152.89,-123.87,148.38,-122.26,-7.15,-0.0,0.02,-0.02,20.75,inf,Obstacle is driving toward the ego car longitudinally. No lateral relative motion.
11.0,20007.0,Front-right,148.15,-118.76,143.64,-117.15,-7.15,-0.0,0.02,-0.02,20.09,inf,Obstacle is driving toward the ego car longitudinally. No lateral relative motion.
11.0,20013.0,Front-right,143.54,-113.51,139.04,-111.9,-7.15,-0.0,0.02,-0.02,19.44,inf,Obstacle is driving toward the ego car longitudinally. No lateral relative motion.
11.0,20017.0,Front-right,139.0,-108.21,134.49,-106.6,-7.15,-0.0,0.02,-0.02,18.81,inf,Obstacle is driving toward the ego car longitudinally. No lateral relative motion.
11.0,20019.0,Front-right,134.54,-102.84,130.04,-101.23,-7.15,-0.0,0.02,-0.02,18.19,inf,Obstacle is driving toward the ego car longitudinally. No lateral relative motion.
11.0,20021.0,Front-right,130.11,-97.45,125.6,-95.84,-7.15,-0.0,0.02,-0.02,17.57,inf,Obstacle is driving toward the ego car longitudinally. No lateral relative motion.
11.0,20025.0,Front-right,125.76,-91.99,121.25,-90.38,-7.15,-0.0,0.02,-0.02,16.96,inf,Obstacle is driving toward the ego car longitudinally. No lateral relative motion.
11.0,20035.0,Front-right,121.4,-86.54,116.89,-84.93,-7.15,-0.0,0.02,-0.02,16.35,inf,Obstacle is driving toward the ego car longitudinally. No lateral relative motion.
11.0,20039.0,Front-right,117.05,-81.09,112.54,-79.48,-7.15,-0.0,0.02,-0.02,15.74,inf,Obstacle is driving toward the ego car longitudinally. No lateral relative motion.
11.0,20042.0,Front-left,23.62,1.96,19.12,0.35,-21.14,4.35,-0.01,0.06,0.9,inf,Obstacle is driving toward the ego car longitudinally. Obstacle is moving away laterally to the left.
11.0,20043.0,Front-right,59.41,-16.31,54.9,-14.7,-18.59,8.39,0.03,0.22,2.95,1.75,Obstacle is driving toward the ego car longitudinally. Obstacle is driving toward the ego car laterally from the right.
11.0,20044.0,Front-right,91.09,-44.6,86.58,-42.99,-16.46,9.71,0.11,0.36,5.26,4.43,Obstacle is driving toward the ego car longitudinally. Obstacle is driving toward the ego car laterally from the right.
11.0,20045.0,Front-right,154.92,-144.08,150.42,-142.47,-7.15,0.0,0.02,-0.02,21.04,inf,Obstacle is driving toward the ego car longitudinally. No lateral relative motion.
11.0,20047.0,Front-right,149.98,-149.01,145.47,-147.4,-7.15,0.0,0.02,-0.02,20.34,inf,Obstacle is driving toward the ego car longitudinally. No lateral relative motion.
11.0,20049.0,Front-right,140.88,-158.07,136.38,-156.46,-7.15,0.0,0.02,-0.02,19.07,inf,Obstacle is driving toward the ego car longitudinally. No lateral relative motion.
11.0,20050.0,Front-right,134.56,-164.38,130.05,-162.77,-7.15,0.0,0.02,-0.02,18.19,inf,Obstacle is driving toward the ego car longitudinally. No lateral relative motion.
11.0,20051.0,Front-right,129.61,-169.31,125.1,-167.7,-7.15,0.0,0.02,-0.02,17.5,inf,Obstacle is driving toward the ego car longitudinally. No lateral relative motion.
11.0,20052.0,Front-right,124.64,-174.26,120.13,-172.65,-7.05,0.1,-0.41,0.07,17.05,1650.32,Obstacle is driving toward the ego car longitudinally. Obstacle is driving toward the ego car laterally from the right.
11.0,20053.0,Front-right,118.99,-179.89,114.48,-178.28,-6.3,0.85,-0.73,0.15,18.17,210.76,Obstacle is driving toward the ego car longitudinally. Obstacle is driving toward the ego car laterally from the right.
11.0,20054.0,Front-right,91.56,-50.35,87.05,-48.74,-0.35,-7.62,0.52,1.72,247.88,inf,Obstacle is driving toward the ego car longitudinally. Obstacle is moving away laterally to the right.
11.0,20055.0,Front-right,108.22,-190.62,103.71,-189.01,-5.95,1.2,0.07,-0.04,17.43,158.03,Obstacle is driving toward the ego car longitudinally. Obstacle is driving toward the ego car laterally from the right.
11.0,20056.0,Front-right,100.41,-198.4,95.9,-196.79,-6.25,0.89,0.26,-0.08,15.34,219.98,Obstacle is driving toward the ego car longitudinally. Obstacle is driving toward the ego car laterally from the right.
11.0,20057.0,Front-right,173.55,-120.86,169.04,-119.25,-8.55,-1.34,1.88,-0.5,19.77,inf,Obstacle is driving toward the ego car longitudinally. Obstacle is moving away laterally to the right.
11.0,20058.0,Front-right,94.51,-204.28,90.0,-202.67,-6.44,0.7,-0.04,-0.01,13.96,288.26,Obstacle is driving toward the ego car longitudinally. Obstacle is driving toward the ego car laterally from the right.
11.0,20059.0,Front-right,70.82,-29.75,66.31,-28.14,2.38,-8.44,0.07,0.28,inf,inf,Obstacle is moving away longitudinally. Obstacle is moving away laterally to the right.
11.0,20060.0,Front-right,183.98,-110.79,179.47,-109.18,-11.33,-4.31,2.42,-0.54,15.85,inf,Obstacle is driving toward the ego car longitudinally. Obstacle is moving away laterally to the right.
11.0,20061.0,Front-right,88.48,-210.29,83.97,-208.68,-5.97,1.18,-0.75,0.15,14.07,177.03,Obstacle is driving toward the ego car longitudinally. Obstacle is driving toward the ego car laterally from the right.
11.0,20062.0,Front-right,50.66,-14.68,46.15,-13.07,3.52,-7.05,0.01,-0.39,inf,inf,Obstacle is moving away longitudinally. Obstacle is moving away laterally to the right.
11.0,20063.0,Front-right,28.88,-3.6,24.37,-1.99,3.84,-4.41,0.14,-0.72,inf,inf,Obstacle is moving away longitudinally. Obstacle is moving away laterally to the right.
11.0,20064.0,Front-right,78.87,-219.87,74.36,-218.26,-3.46,3.68,-1.98,0.44,21.49,59.35,Obstacle is driving toward the ego car longitudinally. Obstacle is driving toward the ego car laterally from the right.
11.0,20066.0,Front-right,52.74,-245.91,48.23,-244.3,1.83,8.95,-1.02,0.22,inf,27.29,Obstacle is moving away longitudinally. Obstacle is driving toward the ego car laterally from the right.
12.0,20003.0,Front-right,153.48,-122.24,148.97,-120.63,-7.13,-0.0,0.1,-0.17,20.89,inf,Obstacle is driving toward the ego car longitudinally. No lateral relative motion.
12.0,20007.0,Front-right,148.69,-117.17,144.18,-115.56,-7.13,-0.0,0.1,-0.17,20.22,inf,Obstacle is driving toward the ego car longitudinally. No lateral relative motion.
12.0,20013.0,Front-right,144.03,-111.98,139.52,-110.37,-7.13,-0.0,0.1,-0.17,19.57,inf,Obstacle is driving toward the ego car longitudinally. No lateral relative motion.
12.0,20017.0,Front-right,139.43,-106.73,134.92,-105.12,-7.13,-0.0,0.1,-0.17,18.92,inf,Obstacle is driving toward the ego car longitudinally. No lateral relative motion.
12.0,20019.0,Front-right,134.92,-101.4,130.41,-99.79,-7.13,-0.0,0.1,-0.17,18.29,inf,Obstacle is driving toward the ego car longitudinally. No lateral relative motion.
12.0,20021.0,Front-right,130.43,-96.06,125.92,-94.45,-7.13,-0.0,0.1,-0.17,17.66,inf,Obstacle is driving toward the ego car longitudinally. No lateral relative motion.
12.0,20025.0,Front-right,126.01,-90.65,121.51,-89.04,-7.13,-0.0,0.1,-0.17,17.04,inf,Obstacle is driving toward the ego car longitudinally. No lateral relative motion.
12.0,20035.0,Front-right,121.6,-85.24,117.09,-83.63,-7.13,-0.0,0.1,-0.17,16.42,inf,Obstacle is driving toward the ego car longitudinally. No lateral relative motion.
12.0,20039.0,Front-right,117.19,-79.84,112.68,-78.23,-7.13,-0.0,0.1,-0.17,15.8,inf,Obstacle is driving toward the ego car longitudinally. No lateral relative motion.
12.0,20042.0,Front-left,21.45,2.56,16.94,0.95,-21.47,3.04,0.07,-0.08,0.79,inf,Obstacle is driving toward the ego car longitudinally. Obstacle is moving away laterally to the left.
12.0,20043.0,Front-right,57.65,-14.85,53.14,-13.24,-19.07,7.71,0.11,0.08,2.79,1.72,Obstacle is driving toward the ego car longitudinally. Obstacle is driving toward the ego car laterally from the right.
12.0,20044.0,Front-right,89.87,-42.63,85.36,-41.02,-16.57,9.63,0.19,0.17,5.15,4.26,Obstacle is driving toward the ego car longitudinally. Obstacle is driving toward the ego car laterally from the right.
12.0,20045.0,Front-right,155.73,-142.42,151.22,-140.81,-7.13,0.0,0.1,-0.17,21.21,inf,Obstacle is driving toward the ego car longitudinally. No lateral relative motion.
12.0,20047.0,Front-right,150.84,-147.4,146.33,-145.79,-7.13,0.0,0.1,-0.17,20.52,inf,Obstacle is driving toward the ego car longitudinally. No lateral relative motion.
12.0,20049.0,Front-right,141.84,-156.56,137.33,-154.95,-7.13,0.0,0.1,-0.17,19.26,inf,Obstacle is driving toward the ego car longitudinally. No lateral relative motion.
12.0,20050.0,Front-right,135.58,-162.94,131.07,-161.33,-7.13,0.0,0.1,-0.17,18.38,inf,Obstacle is driving toward the ego car longitudinally. No lateral relative motion.
12.0,20051.0,Front-right,130.69,-167.92,126.18,-166.31,-7.13,0.0,0.1,-0.17,17.7,inf,Obstacle is driving toward the ego car longitudinally. No lateral relative motion.
12.0,20052.0,Front-right,125.78,-172.92,121.27,-171.31,-7.06,0.07,-0.32,-0.07,17.19,2297.83,Obstacle is driving toward the ego car longitudinally. Obstacle is driving toward the ego car laterally from the right.
12.0,20053.0,Front-right,120.26,-178.53,115.75,-176.92,-6.34,0.8,-0.64,0.01,18.25,220.97,Obstacle is driving toward the ego car longitudinally. Obstacle is driving toward the ego car laterally from the right.
12.0,20054.0,Front-right,92.06,-50.13,87.55,-48.52,-0.37,-7.41,0.61,1.57,235.3,inf,Obstacle is driving toward the ego car longitudinally. Obstacle is moving away laterally to the right.
12.0,20055.0,Front-right,109.65,-189.34,105.14,-187.73,-5.94,1.21,0.16,-0.18,17.7,154.79,Obstacle is driving toward the ego car longitudinally. Obstacle is driving toward the ego car laterally from the right.
12.0,20056.0,Front-right,101.89,-197.23,97.38,-195.62,-6.22,0.92,0.34,-0.22,15.64,212.2,Obstacle is driving toward the ego car longitudinally. Obstacle is driving toward the ego car laterally from the right.
12.0,20057.0,Front-right,173.98,-119.14,169.47,-117.53,-8.38,-1.22,1.97,-0.64,20.23,inf,Obstacle is driving toward the ego car longitudinally. Obstacle is moving away laterally to the right.
12.0,20058.0,Front-right,96.03,-203.2,91.52,-201.59,-6.44,0.71,0.05,-0.15,14.22,285.22,Obstacle is driving toward the ego car longitudinally. Obstacle is driving toward the ego car laterally from the right.
12.0,20059.0,Front-right,71.37,-29.83,66.87,-28.22,2.47,-8.32,0.15,0.14,inf,inf,Obstacle is moving away longitudinally. Obstacle is moving away laterally to the right.
12.0,20060.0,Front-right,184.02,-109.26,179.52,-107.65,-11.09,-4.18,2.51,-0.68,16.19,inf,Obstacle is driving toward the ego car longitudinally. Obstacle is moving away laterally to the right.
12.0,20061.0,Front-right,90.11,-209.22,85.6,-207.61,-6.01,1.14,-0.67,0.01,14.23,182.9,Obstacle is driving toward the ego car longitudinally. Obstacle is driving toward the ego car laterally from the right.
12.0,20062.0,Front-right,51.17,-14.83,46.67,-13.22,3.65,-6.96,0.09,-0.53,inf,inf,Obstacle is moving away longitudinally. Obstacle is moving away laterally to the right.
12.0,20063.0,Front-right,29.31,-3.72,24.8,-2.11,3.98,-4.32,0.22,-0.86,inf,inf,Obstacle is moving away longitudinally. Obstacle is moving away laterally to the right.
12.0,20064.0,Front-right,80.85,-218.65,76.34,-217.04,-3.62,3.57,-1.89,0.3,21.07,60.79,Obstacle is driving toward the ego car longitudinally. Obstacle is driving toward the ego car laterally from the right.
12.0,20066.0,Front-right,55.52,-244.43,51.01,-242.82,1.68,8.97,-0.93,0.08,inf,27.07,Obstacle is moving away longitudinally. Obstacle is driving toward the ego car laterally from the right.
13.0,20003.0,Front-right,152.42,-122.68,147.91,-121.07,-7.07,-0.0,0.2,-0.32,20.91,inf,Obstacle is driving toward the ego car longitudinally. No lateral relative motion.
13.0,20007.0,Front-right,147.64,-117.6,143.13,-115.99,-7.07,-0.0,0.2,-0.32,20.24,inf,Obstacle is driving toward the ego car longitudinally. No lateral relative motion.
13.0,20013.0,Front-right,142.99,-112.39,138.49,-110.78,-7.07,-0.0,0.2,-0.32,19.58,inf,Obstacle is driving toward the ego car longitudinally. No lateral relative motion.
13.0,20017.0,Front-right,138.41,-107.13,133.9,-105.52,-7.07,-0.0,0.2,-0.32,18.93,inf,Obstacle is driving toward the ego car longitudinally. No lateral relative motion.
13.0,20019.0,Front-right,133.91,-101.79,129.4,-100.18,-7.07,-0.0,0.2,-0.32,18.3,inf,Obstacle is driving toward the ego car longitudinally. No lateral relative motion.
13.0,20021.0,Front-right,129.44,-96.43,124.93,-94.82,-7.07,-0.0,0.2,-0.32,17.66,inf,Obstacle is driving toward the ego car longitudinally. No lateral relative motion.
13.0,20025.0,Front-right,125.04,-91.01,120.53,-89.4,-7.07,-0.0,0.2,-0.32,17.04,inf,Obstacle is driving toward the ego car longitudinally. No lateral relative motion.
13.0,20035.0,Front-right,120.64,-85.59,116.14,-83.98,-7.07,-0.0,0.2,-0.32,16.42,inf,Obstacle is driving toward the ego car longitudinally. No lateral relative motion.
13.0,20039.0,Front-right,116.25,-80.17,111.74,-78.56,-7.07,-0.0,0.2,-0.32,15.8,inf,Obstacle is driving toward the ego car longitudinally. No lateral relative motion.
13.0,20042.0,Front-left,19.3,2.81,14.79,1.2,-21.41,3.08,0.17,-0.24,0.69,inf,Obstacle is driving toward the ego car longitudinally. Obstacle is moving away laterally to the left.
13.0,20043.0,Front-right,55.67,-14.22,51.16,-12.61,-19.01,7.76,0.2,-0.08,2.69,1.63,Obstacle is driving toward the ego car longitudinally. Obstacle is driving toward the ego car laterally from the right.
13.0,20044.0,Front-right,88.05,-41.88,83.55,-40.27,-16.51,9.69,0.28,0.02,5.06,4.16,Obstacle is driving toward the ego car longitudinally. Obstacle is driving toward the ego car laterally from the right.
13.0,20045.0,Front-right,154.61,-142.86,150.1,-141.25,-7.07,0.0,0.2,-0.32,21.22,inf,Obstacle is driving toward the ego car longitudinally. No lateral relative motion.
13.0,20047.0,Front-right,149.71,-147.83,145.2,-146.22,-7.07,0.0,0.2,-0.32,20.53,inf,Obstacle is driving toward the ego car longitudinally. No lateral relative motion.
13.0,20049.0,Front-right,140.68,-156.96,136.17,-155.35,-7.07,0.0,0.2,-0.32,19.25,inf,Obstacle is driving toward the ego car longitudinally. No lateral relative motion.
13.0,20050.0,Front-right,134.4,-163.32,129.89,-161.71,-7.07,0.0,0.2,-0.32,18.37,inf,Obstacle is driving toward the ego car longitudinally. No lateral relative motion.
13.0,20051.0,Front-right,129.49,-168.29,124.98,-166.68,-7.07,0.0,0.2,-0.32,17.67,inf,Obstacle is driving toward the ego car longitudinally. No lateral relative motion.
13.0,20052.0,Front-right,124.57,-173.27,120.07,-171.66,-7.03,0.04,-0.23,-0.22,17.08,3968.62,Obstacle is driving toward the ego car longitudinally. Obstacle is driving toward the ego car laterally from the right.
13.0,20053.0,Front-right,119.11,-178.8,114.61,-177.19,-6.34,0.74,-0.54,-0.15,18.08,238.04,Obstacle is driving toward the ego car longitudinally. Obstacle is driving toward the ego car laterally from the right.
13.0,20054.0,Front-right,91.87,-51.12,87.36,-49.51,-0.46,-7.3,0.7,1.42,190.75,inf,Obstacle is driving toward the ego car longitudinally. Obstacle is moving away laterally to the right.
13.0,20055.0,Front-right,108.51,-189.53,104.0,-187.92,-5.87,1.21,0.25,-0.33,17.71,154.86,Obstacle is driving toward the ego car longitudinally. Obstacle is driving toward the ego car laterally from the right.
13.0,20056.0,Front-right,100.7,-197.43,96.19,-195.82,-6.15,0.94,0.44,-0.38,15.65,209.0,Obstacle is driving toward the ego car longitudinally. Obstacle is driving toward the ego car laterally from the right.
13.0,20057.0,Front-right,172.81,-119.75,168.3,-118.14,-8.19,-1.08,2.06,-0.79,20.56,inf,Obstacle is driving toward the ego car longitudinally. Obstacle is moving away laterally to the right.
13.0,20058.0,Front-right,94.81,-203.4,90.3,-201.79,-6.38,0.7,0.14,-0.31,14.15,287.85,Obstacle is driving toward the ego car longitudinally. Obstacle is driving toward the ego car laterally from the right.
13.0,20059.0,Front-right,71.53,-30.86,67.02,-29.25,2.48,-8.32,0.25,-0.01,inf,inf,Obstacle is moving away longitudinally. Obstacle is moving away laterally to the right.
13.0,20060.0,Front-right,182.61,-110.19,178.1,-108.58,-10.88,-3.99,2.6,-0.84,16.38,inf,Obstacle is driving toward the ego car longitudinally. Obstacle is moving away laterally to the right.
13.0,20061.0,Front-right,88.91,-209.37,84.4,-207.76,-6.01,1.08,-0.57,-0.14,14.04,193.12,Obstacle is driving toward the ego car longitudinally. Obstacle is driving toward the ego car laterally from the right.
13.0,20062.0,Front-right,51.49,-15.68,46.99,-14.07,3.71,-7.01,0.19,-0.69,inf,inf,Obstacle is moving away longitudinally. Obstacle is moving away laterally to the right.
13.0,20063.0,Front-right,29.7,-4.24,25.19,-2.63,4.09,-4.38,0.32,-1.01,inf,inf,Obstacle is moving away longitudinally. Obstacle is moving away laterally to the right.
13.0,20064.0,Front-right,79.86,-218.53,75.35,-216.92,-3.7,3.41,-1.8,0.14,20.37,63.53,Obstacle is driving toward the ego car longitudinally. Obstacle is driving toward the ego car laterally from the right.
13.0,20066.0,Front-right,54.99,-243.7,50.48,-242.09,1.69,8.87,-0.84,-0.08,inf,27.29,Obstacle is moving away longitudinally. Obstacle is driving toward the ego car laterally from the right.
14.0,20003.0,Front-right,151.27,-123.21,146.77,-121.6,-6.98,-0.0,0.29,-0.47,21.02,inf,Obstacle is driving toward the ego car longitudinally. No lateral relative motion.
14.0,20007.0,Front-right,146.52,-118.12,142.01,-116.51,-6.98,-0.0,0.29,-0.47,20.34,inf,Obstacle is driving toward the ego car longitudinally. No lateral relative motion.
14.0,20013.0,Front-right,141.89,-112.89,137.38,-111.28,-6.98,-0.0,0.29,-0.47,19.68,inf,Obstacle is driving toward the ego car longitudinally. No lateral relative motion.
14.0,20017.0,Front-right,137.32,-107.61,132.81,-106.0,-6.98,-0.0,0.29,-0.47,19.02,inf,Obstacle is driving toward the ego car longitudinally. No lateral relative motion.
14.0,20019.0,Front-right,132.84,-102.26,128.33,-100.65,-6.98,-0.0,0.29,-0.47,18.38,inf,Obstacle is driving toward the ego car longitudinally. No lateral relative motion.
14.0,20021.0,Front-right,128.39,-96.88,123.88,-95.27,-6.98,-0.0,0.29,-0.47,17.74,inf,Obstacle is driving toward the ego car longitudinally. No lateral relative motion.
14.0,20025.0,Front-right,124.01,-91.45,119.5,-89.84,-6.98,-0.0,0.29,-0.47,17.12,inf,Obstacle is driving toward the ego car longitudinally. No lateral relative motion.
14.0,20035.0,Front-right,119.63,-86.01,115.12,-84.4,-6.98,-0.0,0.29,-0.47,16.49,inf,Obstacle is driving toward the ego car longitudinally. No lateral relative motion.
14.0,20039.0,Front-right,115.25,-80.58,110.75,-78.97,-6.98,-0.0,0.29,-0.47,15.86,inf,Obstacle is driving toward the ego car longitudinally. No lateral relative motion.
14.0,20042.0,Front-left,17.15,3.06,12.65,1.45,-21.32,3.14,0.27,-0.4,0.59,inf,Obstacle is driving toward the ego car longitudinally. Obstacle is moving away laterally to the left.
14.0,20043.0,Front-right,53.68,-13.61,49.17,-12.0,-18.91,7.81,0.3,-0.23,2.6,1.54,Obstacle is driving toward the ego car longitudinally. Obstacle is driving toward the ego car laterally from the right.
14.0,20044.0,Front-right,86.22,-41.19,81.71,-39.58,-16.4,9.74,0.38,-0.13,4.98,4.06,Obstacle is driving toward the ego car longitudinally. Obstacle is driving toward the ego car laterally from the right.
14.0,20045.0,Front-right,153.4,-143.41,148.89,-141.8,-6.98,0.0,0.29,-0.47,21.33,inf,Obstacle is driving toward the ego car longitudinally. No lateral relative motion.
14.0,20047.0,Front-right,148.47,-148.36,143.97,-146.75,-6.98,0.0,0.29,-0.47,20.62,inf,Obstacle is driving toward the ego car longitudinally. No lateral relative motion.
14.0,20049.0,Front-right,139.42,-157.46,134.91,-155.85,-6.98,0.0,0.29,-0.47,19.32,inf,Obstacle is driving toward the ego car longitudinally. No lateral relative motion.
14.0,20050.0,Front-right,133.11,-163.79,128.61,-162.18,-6.98,0.0,0.29,-0.47,18.42,inf,Obstacle is driving toward the ego car longitudinally. No lateral relative motion.
14.0,20051.0,Front-right,128.19,-168.75,123.68,-167.14,-6.98,0.0,0.29,-0.47,17.72,inf,Obstacle is driving toward the ego car longitudinally. No lateral relative motion.
14.0,20052.0,Front-right,123.26,-173.7,118.75,-172.09,-6.96,0.03,0.05,-0.41,17.07,6761.84,Obstacle is driving toward the ego car longitudinally. Obstacle is driving toward the ego car laterally from the right.
14.0,20053.0,Front-right,117.84,-179.14,113.33,-177.53,-6.3,0.69,-0.48,-0.29,17.99,258.89,Obstacle is driving toward the ego car longitudinally. Obstacle is driving toward the ego car laterally from the right.
14.0,20054.0,Front-right,91.63,-52.17,87.12,-50.56,-0.53,-7.17,0.85,1.43,165.93,inf,Obstacle is driving toward the ego car longitudinally. Obstacle is moving away laterally to the right.
14.0,20055.0,Front-right,107.25,-189.79,102.74,-188.18,-5.79,1.2,0.11,-0.43,17.74,157.32,Obstacle is driving toward the ego car longitudinally. Obstacle is driving toward the ego car laterally from the right.
14.0,20056.0,Front-right,99.39,-197.69,94.88,-196.08,-6.03,0.95,0.54,-0.53,15.72,205.95,Obstacle is driving toward the ego car longitudinally. Obstacle is driving toward the ego car laterally from the right.
14.0,20057.0,Front-right,171.57,-120.46,167.06,-118.85,-7.97,-0.96,1.98,-0.9,20.95,inf,Obstacle is driving toward the ego car longitudinally. Obstacle is moving away laterally to the right.
14.0,20058.0,Front-right,93.45,-203.66,88.94,-202.05,-6.28,0.7,0.36,-0.49,14.16,287.22,Obstacle is driving toward the ego car longitudinally. Obstacle is driving toward the ego car laterally from the right.
14.0,20059.0,Front-right,71.66,-31.95,67.15,-30.34,2.48,-8.3,0.43,0.37,inf,inf,Obstacle is moving away longitudinally. Obstacle is moving away laterally to the right.
14.0,20060.0,Front-right,181.13,-111.22,176.63,-109.61,-10.77,-3.66,2.67,-1.07,16.4,inf,Obstacle is driving toward the ego car longitudinally. Obstacle is moving away laterally to the right.
14.0,20061.0,Front-right,87.57,-209.57,83.06,-207.96,-5.95,1.03,-0.26,-0.34,13.95,201.53,Obstacle is driving toward the ego car longitudinally. Obstacle is driving toward the ego car laterally from the right.
14.0,20062.0,Front-right,51.81,-16.57,47.3,-14.96,3.8,-7.06,0.29,-0.67,inf,inf,Obstacle is moving away longitudinally. Obstacle is moving away laterally to the right.
14.0,20063.0,Front-right,30.08,-4.8,25.58,-3.19,3.98,-5.01,0.37,-1.12,inf,inf,Obstacle is moving away longitudinally. Obstacle is moving away laterally to the right.
14.0,20064.0,Front-right,78.71,-218.48,74.2,-216.87,-3.73,3.27,-1.49,-0.06,19.92,66.26,Obstacle is driving toward the ego car longitudinally. Obstacle is driving toward the ego car laterally from the right.
14.0,20066.0,Front-right,54.29,-243.02,49.78,-241.41,1.7,8.72,-1.32,-0.1,inf,27.68,Obstacle is moving away longitudinally. Obstacle is driving toward the ego car laterally from the right.
15.0,20003.0,Front-right,149.88,-124.06,145.37,-122.45,-6.9,-0.0,0.31,-0.49,21.07,inf,Obstacle is driving toward the ego car longitudinally. No lateral relative motion.
15.0,20007.0,Front-right,145.15,-118.93,140.64,-117.32,-6.9,-0.0,0.31,-0.49,20.39,inf,Obstacle is driving toward the ego car longitudinally. No lateral relative motion.
15.0,20013.0,Front-right,140.55,-113.68,136.04,-112.07,-6.9,-0.0,0.31,-0.49,19.72,inf,Obstacle is driving toward the ego car longitudinally. No lateral relative motion.
15.0,20017.0,Front-right,136.01,-108.38,131.51,-106.77,-6.9,-0.0,0.31,-0.49,19.06,inf,Obstacle is driving toward the ego car longitudinally. No lateral relative motion.
15.0,20019.0,Front-right,131.56,-103.0,127.06,-101.39,-6.9,-0.0,0.31,-0.49,18.42,inf,Obstacle is driving toward the ego car longitudinally. No lateral relative motion.
15.0,20021.0,Front-right,127.14,-97.6,122.63,-95.99,-6.9,-0.0,0.31,-0.49,17.78,inf,Obstacle is driving toward the ego car longitudinally. No lateral relative motion.
15.0,20025.0,Front-right,122.79,-92.14,118.28,-90.53,-6.9,-0.0,0.31,-0.49,17.15,inf,Obstacle is driving toward the ego car longitudinally. No lateral relative motion.
15.0,20035.0,Front-right,118.44,-86.68,113.94,-85.07,-6.9,-0.0,0.31,-0.49,16.52,inf,Obstacle is driving toward the ego car longitudinally. No lateral relative motion.
15.0,20039.0,Front-right,114.1,-81.22,109.59,-79.61,-6.9,-0.0,0.31,-0.49,15.89,inf,Obstacle is driving toward the ego car longitudinally. No lateral relative motion.
15.0,20042.0,Front-left,15.01,3.23,10.51,1.62,-21.44,2.03,0.28,-0.42,0.49,inf,Obstacle is driving toward the ego car longitudinally. Obstacle is moving away laterally to the left.
15.0,20043.0,Front-right,51.67,-13.1,47.16,-11.49,-18.81,7.89,0.31,-0.25,2.51,1.46,Obstacle is driving toward the ego car longitudinally. Obstacle is driving toward the ego car laterally from the right.
15.0,20044.0,Front-right,84.32,-40.65,79.81,-39.04,-16.29,9.82,0.39,-0.15,4.9,3.97,Obstacle is driving toward the ego car longitudinally. Obstacle is driving toward the ego car laterally from the right.
15.0,20045.0,Front-right,151.89,-144.26,147.38,-142.65,-6.9,0.0,0.31,-0.49,21.36,inf,Obstacle is driving toward the ego car longitudinally. No lateral relative motion.
15.0,20047.0,Front-right,146.94,-149.19,142.43,-147.58,-6.9,0.0,0.31,-0.49,20.65,inf,Obstacle is driving toward the ego car longitudinally. No lateral relative motion.
15.0,20049.0,Front-right,137.83,-158.24,133.32,-156.63,-6.9,0.0,0.31,-0.49,19.33,inf,Obstacle is driving toward the ego car longitudinally. No lateral relative motion.
15.0,20050.0,Front-right,131.49,-164.54,126.99,-162.93,-6.9,0.0,0.31,-0.49,18.41,inf,Obstacle is driving toward the ego car longitudinally. No lateral relative motion.
15.0,20051.0,Front-right,126.54,-169.46,122.03,-167.85,-6.9,0.0,0.31,-0.49,17.69,inf,Obstacle is driving toward the ego car longitudinally. No lateral relative motion.
15.0,20052.0,Front-right,121.58,-174.39,117.07,-172.78,-6.89,0.01,0.06,-0.43,16.99,22484.72,Obstacle is driving toward the ego car longitudinally. Obstacle is driving toward the ego car laterally from the right.
15.0,20053.0,Front-right,116.2,-179.73,111.69,-178.12,-6.27,0.63,-0.46,-0.31,17.82,284.41,Obstacle is driving toward the ego car longitudinally. Obstacle is driving toward the ego car laterally from the right.
15.0,20054.0,Front-right,91.27,-53.4,86.76,-51.79,-0.61,-7.06,0.86,1.42,141.23,inf,Obstacle is driving toward the ego car longitudinally. Obstacle is moving away laterally to the right.
15.0,20055.0,Front-right,105.6,-190.27,101.1,-188.66,-5.72,1.18,0.13,-0.45,17.69,160.35,Obstacle is driving toward the ego car longitudinally. Obstacle is driving toward the ego car laterally from the right.
15.0,20056.0,Front-right,97.67,-198.15,93.17,-196.54,-5.93,0.97,0.56,-0.55,15.72,203.64,Obstacle is driving toward the ego car longitudinally. Obstacle is driving toward the ego car laterally from the right.
15.0,20057.0,Front-right,170.09,-121.51,165.59,-119.9,-7.77,-0.83,1.99,-0.92,21.31,inf,Obstacle is driving toward the ego car longitudinally. Obstacle is moving away laterally to the right.
15.0,20058.0,Front-right,91.67,-204.11,87.17,-202.5,-6.19,0.7,0.37,-0.5,14.08,287.45,Obstacle is driving toward the ego car longitudinally. Obstacle is driving toward the ego car laterally from the right.
15.0,20059.0,Front-right,71.71,-33.18,67.21,-31.57,2.45,-8.3,0.45,0.35,inf,inf,Obstacle is moving away longitudinally. Obstacle is moving away laterally to the right.
15.0,20060.0,Front-right,179.43,-112.58,174.93,-110.97,-10.53,-3.47,2.68,-1.09,16.61,inf,Obstacle is driving toward the ego car longitudinally. Obstacle is moving away laterally to the right.
15.0,20061.0,Front-right,85.79,-209.96,81.28,-208.35,-5.91,0.99,-0.25,-0.36,13.76,211.25,Obstacle is driving toward the ego car longitudinally. Obstacle is driving toward the ego car laterally from the right.
15.0,20062.0,Front-right,52.08,-17.57,47.58,-15.96,3.86,-7.13,0.3,-0.69,inf,inf,Obstacle is moving away longitudinally. Obstacle is moving away laterally to the right.
15.0,20063.0,Front-right,30.45,-5.48,25.94,-3.87,4.09,-5.1,0.39,-1.14,inf,inf,Obstacle is moving away longitudinally. Obstacle is moving away laterally to the right.
15.0,20064.0,Front-right,77.1,-218.6,72.59,-216.99,-3.75,3.13,-1.47,-0.07,19.34,69.41,Obstacle is driving toward the ego car longitudinally. Obstacle is driving toward the ego car laterally from the right.
15.0,20066.0,Front-right,53.1,-242.45,48.59,-240.84,1.71,8.56,-1.3,-0.11,inf,28.15,Obstacle is moving away longitudinally. Obstacle is driving toward the ego car laterally from the right.
16.0,20003.0,Front-right,148.96,-124.33,144.45,-122.72,-6.76,-0.0,0.44,-0.69,21.36,inf,Obstacle is driving toward the ego car longitudinally. No lateral relative motion.
16.0,20007.0,Front-right,144.24,-119.2,139.73,-117.59,-6.76,-0.0,0.44,-0.69,20.66,inf,Obstacle is driving toward the ego car longitudinally. No lateral relative motion.
16.0,20013.0,Front-right,139.65,-113.94,135.14,-112.33,-6.76,-0.0,0.44,-0.69,19.98,inf,Obstacle is driving toward the ego car longitudinally. No lateral relative motion.
16.0,20017.0,Front-right,135.12,-108.63,130.61,-107.02,-6.76,-0.0,0.44,-0.69,19.31,inf,Obstacle is driving toward the ego car longitudinally. No lateral relative motion.
16.0,20019.0,Front-right,130.68,-103.24,126.17,-101.63,-6.76,-0.0,0.44,-0.69,18.65,inf,Obstacle is driving toward the ego car longitudinally. No lateral relative motion.
16.0,20021.0,Front-right,126.27,-97.83,121.76,-96.22,-6.76,-0.0,0.44,-0.69,18.0,inf,Obstacle is driving toward the ego car longitudinally. No lateral relative motion.
16.0,20025.0,Front-right,121.93,-92.36,117.42,-90.75,-6.76,-0.0,0.44,-0.69,17.36,inf,Obstacle is driving toward the ego car longitudinally. No lateral relative motion.
16.0,20035.0,Front-right,117.59,-86.89,113.08,-85.28,-6.76,-0.0,0.44,-0.69,16.72,inf,Obstacle is driving toward the ego car longitudinally. No lateral relative motion.
16.0,20039.0,Front-right,113.26,-81.43,108.75,-79.82,-6.76,-0.0,0.44,-0.69,16.08,inf,Obstacle is driving toward the ego car longitudinally. No lateral relative motion.
16.0,20042.0,Front-left,12.86,3.41,8.35,1.8,-21.31,2.06,0.41,-0.63,0.39,inf,Obstacle is driving toward the ego car longitudinally. Obstacle is moving away laterally to the left.
16.0,20043.0,Front-right,49.73,-12.38,45.22,-10.77,-18.68,7.93,0.44,-0.49,2.42,1.36,Obstacle is driving toward the ego car longitudinally. Obstacle is driving toward the ego car laterally from the right.
16.0,20044.0,Front-right,82.58,-39.79,78.07,-38.18,-16.16,9.86,0.52,-0.36,4.83,3.87,Obstacle is driving toward the ego car longitudinally. Obstacle is driving toward the ego car laterally from the right.
16.0,20045.0,Front-right,150.93,-144.54,146.42,-142.93,-6.76,0.0,0.44,-0.69,21.65,inf,Obstacle is driving toward the ego car longitudinally. No lateral relative motion.
16.0,20047.0,Front-right,145.97,-149.45,141.46,-147.84,-6.76,0.0,0.44,-0.69,20.91,inf,Obstacle is driving toward the ego car longitudinally. No lateral relative motion.
16.0,20049.0,Front-right,136.85,-158.49,132.34,-156.88,-6.76,0.0,0.44,-0.69,19.56,inf,Obstacle is driving toward the ego car longitudinally. No lateral relative motion.
16.0,20050.0,Front-right,130.5,-164.77,125.99,-163.16,-6.76,0.0,0.44,-0.69,18.63,inf,Obstacle is driving toward the ego car longitudinally. No lateral relative motion.
16.0,20051.0,Front-right,125.54,-169.69,121.03,-168.08,-6.76,0.0,0.44,-0.69,17.89,inf,Obstacle is driving toward the ego car longitudinally. No lateral relative motion.
16.0,20052.0,Front-right,120.57,-174.61,116.06,-173.0,-6.76,0.0,0.44,-0.69,17.16,inf,Obstacle is driving toward the ego car longitudinally. No lateral relative motion.
16.0,20053.0,Front-right,115.24,-179.89,110.73,-178.28,-6.19,0.57,-0.33,-0.52,17.89,313.0,Obstacle is driving toward the ego car longitudinally. Obstacle is driving toward the ego car laterally from the right.
16.0,20054.0,Front-right,91.1,-54.26,86.59,-52.65,-0.62,-6.93,0.99,1.21,138.74,inf,Obstacle is driving toward the ego car longitudinally. Obstacle is moving away laterally to the right.
16.0,20055.0,Front-right,104.68,-190.34,100.17,-188.73,-5.59,1.16,0.26,-0.65,17.92,162.5,Obstacle is driving toward the ego car longitudinally. Obstacle is driving toward the ego car laterally from the right.
16.0,20056.0,Front-right,96.72,-198.23,92.21,-196.62,-5.77,0.98,0.69,-0.75,15.97,200.29,Obstacle is driving toward the ego car longitudinally. Obstacle is driving toward the ego car laterally from the right.
16.0,20057.0,Front-right,169.1,-121.89,164.59,-120.28,-7.51,-0.71,2.12,-1.12,21.91,inf,Obstacle is driving toward the ego car longitudinally. Obstacle is moving away laterally to the right.
16.0,20058.0,Front-right,90.68,-204.21,86.17,-202.6,-6.05,0.71,0.5,-0.71,14.25,286.11,Obstacle is driving toward the ego car longitudinally. Obstacle is driving toward the ego car laterally from the right.
16.0,20059.0,Front-right,71.89,-34.14,67.38,-32.53,2.15,-8.64,0.61,0.13,inf,inf,Obstacle is moving away longitudinally. Obstacle is moving away laterally to the right.
16.0,20060.0,Front-right,178.18,-113.25,173.67,-111.64,-10.22,-3.29,2.81,-1.3,16.99,inf,Obstacle is driving toward the ego car longitudinally. Obstacle is moving away laterally to the right.
16.0,20061.0,Front-right,84.81,-210.02,80.3,-208.41,-5.81,0.94,-0.11,-0.57,13.82,220.64,Obstacle is driving toward the ego car longitudinally. Obstacle is driving toward the ego car laterally from the right.
16.0,20062.0,Front-right,52.43,-18.38,47.92,-16.77,4.0,-7.16,0.43,-0.9,inf,inf,Obstacle is moving away longitudinally. Obstacle is moving away laterally to the right.
16.0,20063.0,Front-right,30.85,-6.05,26.34,-4.44,4.28,-5.15,0.52,-1.34,inf,inf,Obstacle is moving away longitudinally. Obstacle is moving away laterally to the right.
16.0,20064.0,Front-right,76.32,-218.43,71.81,-216.82,-3.74,2.99,-1.34,-0.28,19.18,72.47,Obstacle is driving toward the ego car longitudinally. Obstacle is driving toward the ego car laterally from the right.
16.0,20066.0,Front-right,52.82,-241.7,48.31,-240.09,1.74,8.42,-1.17,-0.32,inf,28.5,Obstacle is moving away longitudinally. Obstacle is driving toward the ego car laterally from the right.
17.0,20003.0,Front-right,147.35,-125.43,142.84,-123.82,-6.59,-0.0,0.55,-0.86,21.69,inf,Obstacle is driving toward the ego car longitudinally. No lateral relative motion.
17.0,20007.0,Front-right,142.66,-120.27,138.16,-118.66,-6.59,-0.0,0.55,-0.86,20.98,inf,Obstacle is driving toward the ego car longitudinally. No lateral relative motion.
17.0,20013.0,Front-right,138.11,-114.97,133.6,-113.36,-6.59,-0.0,0.55,-0.86,20.28,inf,Obstacle is driving toward the ego car longitudinally. No lateral relative motion.
17.0,20017.0,Front-right,133.63,-109.63,129.12,-108.02,-6.59,-0.0,0.55,-0.86,19.6,inf,Obstacle is driving toward the ego car longitudinally. No lateral relative motion.
17.0,20019.0,Front-right,129.23,-104.21,124.72,-102.6,-6.59,-0.0,0.55,-0.86,18.94,inf,Obstacle is driving toward the ego car longitudinally. No lateral relative motion.
17.0,20021.0,Front-right,124.85,-98.77,120.34,-97.16,-6.59,-0.0,0.55,-0.86,18.27,inf,Obstacle is driving toward the ego car longitudinally. No lateral relative motion.
17.0,20025.0,Front-right,120.56,-93.27,116.05,-91.66,-6.59,-0.0,0.55,-0.86,17.62,inf,Obstacle is driving toward the ego car longitudinally. No lateral relative motion.
17.0,20035.0,Front-right,116.26,-87.77,111.75,-86.16,-6.59,-0.0,0.55,-0.86,16.97,inf,Obstacle is driving toward the ego car longitudinally. No lateral relative motion.
17.0,20039.0,Front-right,111.96,-82.27,107.46,-80.66,-6.59,-0.0,0.55,-0.86,16.31,inf,Obstacle is driving toward the ego car longitudinally. No lateral relative motion.
17.0,20042.0,Front-left,10.74,3.53,6.23,1.92,-21.12,2.17,0.52,-0.79,0.29,inf,Obstacle is driving toward the ego car longitudinally. Obstacle is moving away laterally to the left.
17.0,20043.0,Front-right,47.73,-11.94,43.22,-10.33,-18.84,7.43,0.54,-0.65,2.29,1.39,Obstacle is driving toward the ego car longitudinally. Obstacle is driving toward the ego car laterally from the right.
17.0,20044.0,Front-right,80.63,-39.37,76.12,-37.76,-15.93,9.96,0.62,-0.57,4.78,3.79,Obstacle is driving toward the ego car longitudinally. Obstacle is driving toward the ego car laterally from the right.
17.0,20045.0,Front-right,149.17,-145.66,144.66,-144.05,-6.59,0.0,0.55,-0.86,21.96,inf,Obstacle is driving toward the ego car longitudinally. No lateral relative motion.
17.0,20047.0,Front-right,144.17,-150.54,139.66,-148.93,-6.59,0.0,0.55,-0.86,21.2,inf,Obstacle is driving toward the ego car longitudinally. No lateral relative motion.
17.0,20049.0,Front-right,134.98,-159.5,130.47,-157.89,-6.59,0.0,0.55,-0.86,19.81,inf,Obstacle is driving toward the ego car longitudinally. No lateral relative motion.
17.0,20050.0,Front-right,128.59,-165.74,124.08,-164.13,-6.59,0.0,0.55,-0.86,18.84,inf,Obstacle is driving toward the ego car longitudinally. No lateral relative motion.
17.0,20051.0,Front-right,123.59,-170.62,119.08,-169.01,-6.59,0.0,0.55,-0.86,18.08,inf,Obstacle is driving toward the ego car longitudinally. No lateral relative motion.
17.0,20052.0,Front-right,118.58,-175.5,114.07,-173.89,-6.59,0.0,0.55,-0.86,17.32,inf,Obstacle is driving toward the ego car longitudinally. No lateral relative motion.
17.0,20053.0,Front-right,113.27,-180.68,108.76,-179.07,-6.06,0.51,-0.22,-0.68,17.94,351.02,Obstacle is driving toward the ego car longitudinally. Obstacle is driving toward the ego car laterally from the right.
17.0,20054.0,Front-right,90.61,-55.63,86.1,-54.02,-0.63,-6.82,1.1,1.04,136.99,inf,Obstacle is driving toward the ego car longitudinally. Obstacle is moving away laterally to the right.
17.0,20055.0,Front-right,102.7,-191.0,98.19,-189.39,-5.42,1.14,0.37,-0.82,18.12,166.16,Obstacle is driving toward the ego car longitudinally. Obstacle is driving toward the ego car laterally from the right.
17.0,20056.0,Front-right,94.66,-198.84,90.15,-197.23,-5.57,0.99,0.8,-0.92,16.19,198.76,Obstacle is driving toward the ego car longitudinally. Obstacle is driving toward the ego car laterally from the right.
17.0,20057.0,Front-right,167.43,-123.21,162.92,-121.6,-7.21,-0.59,2.24,-1.29,22.59,inf,Obstacle is driving toward the ego car longitudinally. Obstacle is moving away laterally to the right.
17.0,20058.0,Front-right,88.55,-204.81,84.04,-203.2,-5.86,0.71,0.62,-0.87,14.34,287.17,Obstacle is driving toward the ego car longitudinally. Obstacle is driving toward the ego car laterally from the right.
17.0,20059.0,Front-right,71.83,-35.55,67.32,-33.94,2.2,-8.65,0.72,-0.03,inf,inf,Obstacle is moving away longitudinally. Obstacle is moving away laterally to the right.
17.0,20060.0,Front-right,176.31,-114.89,171.8,-113.28,-9.89,-3.1,2.93,-1.46,17.37,inf,Obstacle is driving toward the ego car longitudinally. Obstacle is moving away laterally to the right.
17.0,20061.0,Front-right,82.66,-210.55,78.15,-208.94,-5.67,0.9,-0.0,-0.73,13.79,232.7,Obstacle is driving toward the ego car longitudinally. Obstacle is driving toward the ego car laterally from the right.
17.0,20062.0,Front-right,52.67,-19.51,48.16,-17.9,3.77,-7.76,0.53,-1.06,inf,inf,Obstacle is moving away longitudinally. Obstacle is moving away laterally to the right.
17.0,20063.0,Front-right,31.22,-6.8,26.71,-5.19,4.48,-5.26,0.63,-1.51,inf,inf,Obstacle is moving away longitudinally. Obstacle is moving away laterally to the right.
17.0,20064.0,Front-right,74.3,-218.7,69.79,-217.09,-3.67,2.84,-1.23,-0.44,19.0,76.4,Obstacle is driving toward the ego car longitudinally. Obstacle is driving toward the ego car laterally from the right.
17.0,20066.0,Front-right,51.18,-241.26,46.67,-239.65,1.86,8.25,-1.06,-0.48,inf,29.06,Obstacle is moving away longitudinally. Obstacle is driving toward the ego car laterally from the right.
18.0,20003.0,Front-right,145.48,-126.83,140.97,-125.22,-6.42,-0.0,0.62,-0.95,21.95,inf,Obstacle is driving toward the ego car longitudinally. No lateral relative motion.
18.0,20007.0,Front-right,140.85,-121.61,136.34,-120.0,-6.42,-0.0,0.62,-0.95,21.22,inf,Obstacle is driving toward the ego car longitudinally. No lateral relative motion.
18.0,20013.0,Front-right,136.35,-116.28,131.84,-114.67,-6.42,-0.0,0.62,-0.95,20.52,inf,Obstacle is driving toward the ego car longitudinally. No lateral relative motion.
18.0,20017.0,Front-right,131.91,-110.89,127.4,-109.28,-6.42,-0.0,0.62,-0.95,19.83,inf,Obstacle is driving toward the ego car longitudinally. No lateral relative motion.
18.0,20019.0,Front-right,127.56,-105.43,123.06,-103.82,-6.42,-0.0,0.62,-0.95,19.16,inf,Obstacle is driving toward the ego car longitudinally. No lateral relative motion.
18.0,20021.0,Front-right,123.24,-99.95,118.73,-98.34,-6.42,-0.0,0.62,-0.95,18.48,inf,Obstacle is driving toward the ego car longitudinally. No lateral relative motion.
18.0,20025.0,Front-right,119.0,-94.41,114.49,-92.8,-6.42,-0.0,0.62,-0.95,17.82,inf,Obstacle is driving toward the ego car longitudinally. No lateral relative motion.
18.0,20035.0,Front-right,114.75,-88.87,110.24,-87.26,-6.42,-0.0,0.62,-0.95,17.16,inf,Obstacle is driving toward the ego car longitudinally. No lateral relative motion.
18.0,20039.0,Front-right,110.51,-83.33,106.0,-81.72,-6.42,-0.0,0.62,-0.95,16.5,inf,Obstacle is driving toward the ego car longitudinally. No lateral relative motion.
18.0,20042.0,Front-left,8.64,3.63,4.13,2.02,-21.08,1.22,0.58,-0.88,0.2,inf,Obstacle is driving toward the ego car longitudinally. Obstacle is moving away laterally to the left.
18.0,20043.0,Front-right,45.69,-11.62,41.18,-10.01,-18.62,7.55,0.61,-0.74,2.21,1.33,Obstacle is driving toward the ego car longitudinally. Obstacle is driving toward the ego car laterally from the right.
18.0,20044.0,Front-right,78.63,-39.11,74.12,-37.5,-16.08,9.69,0.68,-0.65,4.61,3.87,Obstacle is driving toward the ego car longitudinally. Obstacle is driving toward the ego car laterally from the right.
18.0,20045.0,Front-right,147.11,-147.07,142.6,-145.46,-6.42,0.0,0.62,-0.95,22.2,inf,Obstacle is driving toward the ego car longitudinally. No lateral relative motion.
18.0,20047.0,Front-right,142.07,-151.9,137.56,-150.29,-6.42,0.0,0.62,-0.95,21.41,inf,Obstacle is driving toward the ego car longitudinally. No lateral relative motion.
18.0,20049.0,Front-right,132.79,-160.77,128.29,-159.16,-6.42,0.0,0.62,-0.95,19.97,inf,Obstacle is driving toward the ego car longitudinally. No lateral relative motion.
18.0,20050.0,Front-right,126.34,-166.95,121.83,-165.34,-6.42,0.0,0.62,-0.95,18.97,inf,Obstacle is driving toward the ego car longitudinally. No lateral relative motion.
18.0,20051.0,Front-right,121.29,-171.78,116.79,-170.17,-6.42,0.0,0.62,-0.95,18.18,inf,Obstacle is driving toward the ego car longitudinally. No lateral relative motion.
18.0,20052.0,Front-right,116.24,-176.62,111.74,-175.01,-6.42,0.0,0.62,-0.95,17.39,inf,Obstacle is driving toward the ego car longitudinally. No lateral relative motion.
18.0,20053.0,Front-right,110.93,-181.7,106.42,-180.09,-5.95,0.45,-0.15,-0.77,17.88,399.72,Obstacle is driving toward the ego car longitudinally. Obstacle is driving toward the ego car laterally from the right.
18.0,20054.0,Front-right,89.99,-57.17,85.48,-55.56,-0.66,-6.73,1.17,0.96,129.56,inf,Obstacle is driving toward the ego car longitudinally. Obstacle is moving away laterally to the right.
18.0,20055.0,Front-right,100.33,-191.85,95.82,-190.24,-5.26,1.12,0.44,-0.9,18.22,170.47,Obstacle is driving toward the ego car longitudinally. Obstacle is driving toward the ego car laterally from the right.
18.0,20056.0,Front-right,92.2,-199.63,87.69,-198.02,-5.38,1.0,0.87,-1.0,16.3,197.9,Obstacle is driving toward the ego car longitudinally. Obstacle is driving toward the ego car laterally from the right.
18.0,20057.0,Front-right,165.53,-124.85,161.02,-123.24,-6.93,-0.46,2.3,-1.37,23.25,inf,Obstacle is driving toward the ego car longitudinally. Obstacle is moving away laterally to the right.
18.0,20058.0,Front-right,86.0,-205.57,81.5,-203.96,-5.69,0.71,0.69,-0.96,14.33,289.09,Obstacle is driving toward the ego car longitudinally. Obstacle is driving toward the ego car laterally from the right.
18.0,20059.0,Front-right,71.69,-37.1,67.18,-35.49,2.22,-8.67,0.79,-0.12,inf,inf,Obstacle is moving away longitudinally. Obstacle is moving away laterally to the right.
18.0,20060.0,Front-right,174.22,-116.86,169.71,-115.25,-9.58,-2.9,2.99,-1.55,17.72,inf,Obstacle is driving toward the ego car longitudinally. Obstacle is moving away laterally to the right.
18.0,20061.0,Front-right,80.08,-211.24,75.57,-209.63,-5.54,0.85,0.07,-0.82,13.65,246.65,Obstacle is driving toward the ego car longitudinally. Obstacle is driving toward the ego car laterally from the right.
18.0,20062.0,Front-right,52.84,-20.79,48.34,-19.18,3.87,-7.87,0.6,-1.15,inf,inf,Obstacle is moving away longitudinally. Obstacle is moving away laterally to the right.
18.0,20063.0,Front-right,31.59,-7.64,27.08,-6.03,4.65,-5.39,0.7,-1.59,inf,inf,Obstacle is moving away longitudinally. Obstacle is moving away laterally to the right.
18.0,20064.0,Front-right,71.84,-219.12,67.34,-217.51,-3.62,2.69,-1.16,-0.53,18.62,80.94,Obstacle is driving toward the ego car longitudinally. Obstacle is driving toward the ego car laterally from the right.
18.0,20066.0,Front-right,49.07,-240.92,44.56,-239.31,1.99,8.05,-0.99,-0.57,inf,29.72,Obstacle is moving away longitudinally. Obstacle is driving toward the ego car laterally from the right.
19.0,20003.0,Front-right,145.74,-125.78,141.23,-124.17,-6.15,-0.0,0.87,-1.35,22.95,inf,Obstacle is driving toward the ego car longitudinally. No lateral relative motion.
19.0,20007.0,Front-right,141.07,-120.6,136.56,-118.99,-6.15,-0.0,0.87,-1.35,22.19,inf,Obstacle is driving toward the ego car longitudinally. No lateral relative motion.
19.0,20013.0,Front-right,136.53,-115.3,132.02,-113.69,-6.15,-0.0,0.87,-1.35,21.45,inf,Obstacle is driving toward the ego car longitudinally. No lateral relative motion.
19.0,20017.0,Front-right,132.05,-109.94,127.54,-108.33,-6.15,-0.0,0.87,-1.35,20.72,inf,Obstacle is driving toward the ego car longitudinally. No lateral relative motion.
19.0,20019.0,Front-right,127.67,-104.51,123.16,-102.9,-6.15,-0.0,0.87,-1.35,20.01,inf,Obstacle is driving toward the ego car longitudinally. No lateral relative motion.
19.0,20021.0,Front-right,123.3,-99.06,118.8,-97.45,-6.15,-0.0,0.87,-1.35,19.3,inf,Obstacle is driving toward the ego car longitudinally. No lateral relative motion.
19.0,20025.0,Front-right,119.02,-93.55,114.51,-91.94,-6.15,-0.0,0.87,-1.35,18.61,inf,Obstacle is driving toward the ego car longitudinally. No lateral relative motion.
19.0,20035.0,Front-right,114.74,-88.04,110.23,-86.43,-6.15,-0.0,0.87,-1.35,17.91,inf,Obstacle is driving toward the ego car longitudinally. No lateral relative motion.
19.0,20039.0,Front-right,110.45,-82.53,105.95,-80.92,-6.15,-0.0,0.87,-1.35,17.21,inf,Obstacle is driving toward the ego car longitudinally. No lateral relative motion.
19.0,20042.0,Front-left,6.48,3.8,1.98,2.19,-20.82,1.11,0.84,-1.29,0.09,inf,Obstacle is driving toward the ego car longitudinally. Obstacle is moving away laterally to the left.
19.0,20043.0,Front-right,43.87,-10.52,39.36,-8.91,-18.43,7.48,0.86,-1.14,2.14,1.19,Obstacle is driving toward the ego car longitudinally. Obstacle is driving toward the ego car laterally from the right.
19.0,20044.0,Front-right,77.25,-37.55,72.74,-35.94,-15.9,9.65,0.93,-1.05,4.57,3.73,Obstacle is driving toward the ego car longitudinally. Obstacle is driving toward the ego car laterally from the right.
19.0,20045.0,Front-right,147.51,-146.01,143.0,-144.4,-6.15,0.0,0.87,-1.35,23.23,inf,Obstacle is driving toward the ego car longitudinally. No lateral relative motion.
19.0,20047.0,Front-right,142.5,-150.87,138.0,-149.26,-6.15,0.0,0.87,-1.35,22.42,inf,Obstacle is driving toward the ego car longitudinally. No lateral relative motion.
19.0,20049.0,Front-right,133.29,-159.82,128.78,-158.21,-6.15,0.0,0.87,-1.35,20.92,inf,Obstacle is driving toward the ego car longitudinally. No lateral relative motion.
19.0,20050.0,Front-right,126.88,-166.04,122.37,-164.43,-6.15,0.0,0.87,-1.35,19.88,inf,Obstacle is driving toward the ego car longitudinally. No lateral relative motion.
19.0,20051.0,Front-right,121.87,-170.91,117.36,-169.3,-6.15,0.0,0.87,-1.35,19.07,inf,Obstacle is driving toward the ego car longitudinally. No lateral relative motion.
19.0,20052.0,Front-right,116.86,-175.78,112.35,-174.17,-6.15,0.0,0.87,-1.35,18.25,inf,Obstacle is driving toward the ego car longitudinally. No lateral relative motion.
19.0,20053.0,Front-right,111.63,-180.86,107.12,-179.25,-5.73,0.41,0.22,-1.2,18.68,439.49,Obstacle is driving toward the ego car longitudinally. Obstacle is driving toward the ego car laterally from the right.
19.0,20054.0,Front-right,90.32,-57.18,85.81,-55.57,-0.68,-6.7,1.51,0.64,125.36,inf,Obstacle is driving toward the ego car longitudinally. Obstacle is moving away laterally to the right.
19.0,20055.0,Front-right,101.17,-191.02,96.66,-189.41,-5.03,1.09,0.42,-1.24,19.22,173.4,Obstacle is driving toward the ego car longitudinally. Obstacle is driving toward the ego car laterally from the right.
19.0,20056.0,Front-right,93.08,-198.87,88.58,-197.26,-5.1,1.02,1.07,-1.39,17.36,192.89,Obstacle is driving toward the ego car longitudinally. Obstacle is driving toward the ego car laterally from the right.
19.0,20057.0,Front-right,165.72,-123.7,161.22,-122.09,-6.59,-0.41,1.68,-1.55,24.45,inf,Obstacle is driving toward the ego car longitudinally. Obstacle is moving away laterally to the right.
19.0,20058.0,Front-right,86.9,-204.87,82.39,-203.26,-5.41,0.72,1.03,-1.38,15.23,281.41,Obstacle is driving toward the ego car longitudinally. Obstacle is driving toward the ego car laterally from the right.
19.0,20059.0,Front-right,72.16,-37.44,67.66,-35.83,2.45,-8.52,1.15,0.01,inf,inf,Obstacle is moving away longitudinally. Obstacle is moving away laterally to the right.
19.0,20060.0,Front-right,174.1,-115.89,169.59,-114.28,-9.11,-2.76,3.14,-1.92,18.61,inf,Obstacle is driving toward the ego car longitudinally. Obstacle is moving away laterally to the right.
19.0,20061.0,Front-right,81.03,-210.58,76.52,-208.97,-5.3,0.83,0.52,-1.26,14.44,251.37,Obstacle is driving toward the ego car longitudinally. Obstacle is driving toward the ego car laterally from the right.
19.0,20062.0,Front-right,53.38,-21.19,48.87,-19.58,4.19,-7.79,0.87,-1.26,inf,inf,Obstacle is moving away longitudinally. Obstacle is moving away laterally to the right.
19.0,20063.0,Front-right,32.11,-7.94,27.6,-6.33,5.01,-5.34,0.94,-1.92,inf,inf,Obstacle is moving away longitudinally. Obstacle is moving away laterally to the right.
19.0,20064.0,Front-right,73.04,-218.34,68.53,-216.73,-3.48,2.6,-0.68,-0.99,19.69,83.45,Obstacle is driving toward the ego car longitudinally. Obstacle is driving toward the ego car laterally from the right.
19.0,20066.0,Front-right,50.97,-239.76,46.47,-238.15,2.04,7.96,-1.2,-0.86,inf,29.91,Obstacle is moving away longitudinally. Obstacle is driving toward the ego car laterally from the right.
20.0,20003.0,Front-right,145.47,-125.36,140.96,-123.75,-5.8,-0.0,1.06,-1.66,24.31,inf,Obstacle is driving toward the ego car longitudinally. No lateral relative motion.
20.0,20007.0,Front-right,140.78,-120.2,136.27,-118.59,-5.8,-0.0,1.06,-1.66,23.5,inf,Obstacle is driving toward the ego car longitudinally. No lateral relative motion.
20.0,20013.0,Front-right,136.23,-114.91,131.72,-113.3,-5.8,-0.0,1.06,-1.66,22.71,inf,Obstacle is driving toward the ego car longitudinally. No lateral relative motion.
20.0,20017.0,Front-right,131.74,-109.56,127.23,-107.95,-5.8,-0.0,1.06,-1.66,21.94,inf,Obstacle is driving toward the ego car longitudinally. No lateral relative motion.
20.0,20019.0,Front-right,127.34,-104.14,122.83,-102.53,-5.8,-0.0,1.06,-1.66,21.18,inf,Obstacle is driving toward the ego car longitudinally. No lateral relative motion.
20.0,20021.0,Front-right,122.96,-98.71,118.45,-97.1,-5.8,-0.0,1.06,-1.66,20.42,inf,Obstacle is driving toward the ego car longitudinally. No lateral relative motion.
20.0,20025.0,Front-right,118.66,-93.21,114.15,-91.6,-5.8,-0.0,1.06,-1.66,19.68,inf,Obstacle is driving toward the ego car longitudinally. No lateral relative motion.
20.0,20035.0,Front-right,114.36,-87.71,109.85,-86.1,-5.8,-0.0,1.06,-1.66,18.94,inf,Obstacle is driving toward the ego car longitudinally. No lateral relative motion.
20.0,20039.0,Front-right,110.06,-82.22,105.55,-80.61,-5.8,-0.0,1.06,-1.66,18.2,inf,Obstacle is driving toward the ego car longitudinally. No lateral relative motion.
20.0,20042.0,Left,4.37,3.93,0.0,2.32,-20.48,1.07,1.03,-1.61,0.0,inf,Exact longitudinal alignment or co. Obstacle is moving away laterally to the left.
20.0,20043.0,Front-right,42.01,-9.64,37.5,-8.03,-18.11,7.45,1.06,-1.46,2.07,1.08,Obstacle is driving toward the ego car longitudinally. Obstacle is driving toward the ego car laterally from the right.
20.0,20044.0,Front-right,75.72,-36.33,71.21,-34.72,-15.6,9.64,1.12,-1.37,4.57,3.6,Obstacle is driving toward the ego car longitudinally. Obstacle is driving toward the ego car laterally from the right.
20.0,20045.0,Front-right,147.3,-145.59,142.79,-143.98,-5.8,0.0,1.06,-1.66,24.62,inf,Obstacle is driving toward the ego car longitudinally. No lateral relative motion.
20.0,20047.0,Front-right,142.31,-150.46,137.8,-148.85,-5.8,0.0,1.06,-1.66,23.76,inf,Obstacle is driving toward the ego car longitudinally. No lateral relative motion.
20.0,20049.0,Front-right,133.12,-159.44,128.61,-157.83,-5.8,0.0,1.06,-1.66,22.18,inf,Obstacle is driving toward the ego car longitudinally. No lateral relative motion.
20.0,20050.0,Front-right,126.73,-165.68,122.22,-164.07,-5.8,0.0,1.06,-1.66,21.07,inf,Obstacle is driving toward the ego car longitudinally. No lateral relative motion.
20.0,20051.0,Front-right,121.73,-170.56,117.22,-168.95,-5.8,0.0,1.06,-1.66,20.21,inf,Obstacle is driving toward the ego car longitudinally. No lateral relative motion.
20.0,20052.0,Front-right,116.73,-175.44,112.22,-173.83,-5.8,0.0,1.06,-1.66,19.35,inf,Obstacle is driving toward the ego car longitudinally. No lateral relative motion.
20.0,20053.0,Front-right,111.55,-180.5,107.05,-178.89,-5.43,0.36,0.42,-1.51,19.72,493.08,Obstacle is driving toward the ego car longitudinally. Obstacle is driving toward the ego car laterally from the right.
20.0,20054.0,Front-right,90.4,-57.58,85.89,-55.97,-0.44,-6.52,1.71,0.32,194.12,inf,Obstacle is driving toward the ego car longitudinally. Obstacle is moving away laterally to the right.
20.0,20055.0,Front-right,101.19,-190.62,96.69,-189.01,-4.71,1.06,0.61,-1.56,20.52,177.74,Obstacle is driving toward the ego car longitudinally. Obstacle is driving toward the ego car laterally from the right.
20.0,20056.0,Front-right,93.13,-198.49,88.62,-196.88,-4.73,1.04,1.27,-1.71,18.72,189.26,Obstacle is driving toward the ego car longitudinally. Obstacle is driving toward the ego car laterally from the right.
20.0,20057.0,Front-right,165.41,-123.26,160.9,-121.65,-6.18,-0.35,1.87,-1.87,26.05,inf,Obstacle is driving toward the ego car longitudinally. Obstacle is moving away laterally to the right.
20.0,20058.0,Front-right,86.93,-204.55,82.42,-202.94,-5.05,0.74,1.22,-1.7,16.33,275.75,Obstacle is driving toward the ego car longitudinally. Obstacle is driving toward the ego car laterally from the right.
20.0,20059.0,Front-right,72.5,-38.08,67.99,-36.47,2.73,-8.39,1.35,-0.31,inf,inf,Obstacle is moving away longitudinally. Obstacle is moving away laterally to the right.
20.0,20060.0,Front-right,173.51,-115.66,169.0,-114.05,-8.58,-2.61,3.33,-2.24,19.7,inf,Obstacle is driving toward the ego car longitudinally. Obstacle is moving away laterally to the right.
20.0,20061.0,Front-right,81.08,-210.26,76.58,-208.65,-4.97,0.81,0.71,-1.58,15.4,258.01,Obstacle is driving toward the ego car longitudinally. Obstacle is driving toward the ego car laterally from the right.
20.0,20062.0,Front-right,53.84,-21.82,49.34,-20.21,4.56,-7.76,1.07,-1.58,inf,inf,Obstacle is moving away longitudinally. Obstacle is moving away laterally to the right.
20.0,20063.0,Front-right,32.61,-8.41,28.1,-6.8,5.14,-5.9,1.11,-2.24,inf,inf,Obstacle is moving away longitudinally. Obstacle is moving away laterally to the right.
20.0,20064.0,Front-right,73.29,-217.87,68.79,-216.26,-3.25,2.49,-0.48,-1.3,21.19,86.72,Obstacle is driving toward the ego car longitudinally. Obstacle is driving toward the ego car laterally from the right.
20.0,20066.0,Front-right,51.84,-238.82,47.33,-237.21,2.22,7.84,-1.0,-1.18,inf,30.26,Obstacle is moving away longitudinally. Obstacle is driving toward the ego car laterally from the right.
21.0,20003.0,Front-right,144.63,-125.64,140.12,-124.03,-5.55,-0.0,0.83,-1.3,25.27,inf,Obstacle is driving toward the ego car longitudinally. No lateral relative motion.
21.0,20007.0,Front-right,139.95,-120.46,135.45,-118.85,-5.55,-0.0,0.83,-1.3,24.43,inf,Obstacle is driving toward the ego car longitudinally. No lateral relative motion.
21.0,20013.0,Front-right,135.41,-115.17,130.9,-113.56,-5.55,-0.0,0.83,-1.3,23.61,inf,Obstacle is driving toward the ego car longitudinally. No lateral relative motion.
21.0,20017.0,Front-right,130.93,-109.81,126.42,-108.2,-5.55,-0.0,0.83,-1.3,22.8,inf,Obstacle is driving toward the ego car longitudinally. No lateral relative motion.
21.0,20019.0,Front-right,126.54,-104.39,122.03,-102.78,-5.55,-0.0,0.83,-1.3,22.01,inf,Obstacle is driving toward the ego car longitudinally. No lateral relative motion.
21.0,20021.0,Front-right,122.17,-98.94,117.66,-97.33,-5.55,-0.0,0.83,-1.3,21.22,inf,Obstacle is driving toward the ego car longitudinally. No lateral relative motion.
21.0,20025.0,Front-right,117.88,-93.43,113.37,-91.82,-5.55,-0.0,0.83,-1.3,20.45,inf,Obstacle is driving toward the ego car longitudinally. No lateral relative motion.
21.0,20035.0,Front-right,113.59,-87.93,109.08,-86.32,-5.55,-0.0,0.83,-1.3,19.67,inf,Obstacle is driving toward the ego car longitudinally. No lateral relative motion.
21.0,20039.0,Front-right,109.31,-82.43,104.8,-80.82,-5.55,-0.0,0.83,-1.3,18.9,inf,Obstacle is driving toward the ego car longitudinally. No lateral relative motion.
21.0,20042.0,Left,2.3,4.02,0.0,2.41,-20.27,0.1,0.8,-1.25,0.0,inf,Exact longitudinal alignment or co. Obstacle is moving away laterally to the left.
21.0,20043.0,Front-right,40.13,-8.95,35.62,-7.34,-17.86,7.48,0.83,-1.12,1.99,0.98,Obstacle is driving toward the ego car longitudinally. Obstacle is driving toward the ego car laterally from the right.
21.0,20044.0,Front-right,74.05,-35.49,69.54,-33.88,-15.35,9.68,0.9,-1.0,4.53,3.5,Obstacle is driving toward the ego car longitudinally. Obstacle is driving toward the ego car laterally from the right.
21.0,20045.0,Front-right,146.42,-145.87,141.92,-144.26,-5.55,0.0,0.83,-1.3,25.59,inf,Obstacle is driving toward the ego car longitudinally. No lateral relative motion.
21.0,20047.0,Front-right,141.42,-150.73,136.91,-149.12,-5.55,0.0,0.83,-1.3,24.69,inf,Obstacle is driving toward the ego car longitudinally. No lateral relative motion.
21.0,20049.0,Front-right,132.22,-159.69,127.71,-158.08,-5.55,0.0,0.83,-1.3,23.03,inf,Obstacle is driving toward the ego car longitudinally. No lateral relative motion.
21.0,20050.0,Front-right,125.81,-165.92,121.31,-164.31,-5.55,0.0,0.83,-1.3,21.88,inf,Obstacle is driving toward the ego car longitudinally. No lateral relative motion.
21.0,20051.0,Front-right,120.81,-170.79,116.3,-169.18,-5.55,0.0,0.83,-1.3,20.97,inf,Obstacle is driving toward the ego car longitudinally. No lateral relative motion.
21.0,20052.0,Front-right,115.8,-175.67,111.29,-174.06,-5.55,0.0,0.83,-1.3,20.07,inf,Obstacle is driving toward the ego car longitudinally. No lateral relative motion.
21.0,20053.0,Front-right,110.65,-180.68,106.14,-179.07,-5.22,0.32,0.19,-1.15,20.33,566.81,Obstacle is driving toward the ego car longitudinally. Obstacle is driving toward the ego car laterally from the right.
21.0,20054.0,Front-right,90.22,-58.4,85.71,-56.79,-0.33,-6.37,1.48,0.69,257.56,inf,Obstacle is driving toward the ego car longitudinally. Obstacle is moving away laterally to the right.
21.0,20055.0,Front-right,100.34,-190.71,95.83,-189.1,-4.49,1.03,0.39,-1.19,21.35,183.73,Obstacle is driving toward the ego car longitudinally. Obstacle is driving toward the ego car laterally from the right.
21.0,20056.0,Front-right,92.26,-198.57,87.75,-196.96,-4.46,1.05,1.04,-1.35,19.66,187.09,Obstacle is driving toward the ego car longitudinally. Obstacle is driving toward the ego car laterally from the right.
21.0,20057.0,Front-right,164.54,-123.61,160.03,-122.0,-5.86,-0.3,1.64,-1.5,27.31,inf,Obstacle is driving toward the ego car longitudinally. Obstacle is moving away laterally to the right.
21.0,20058.0,Front-right,86.02,-204.64,81.51,-203.03,-4.78,0.75,0.99,-1.34,17.06,272.15,Obstacle is driving toward the ego car longitudinally. Obstacle is driving toward the ego car laterally from the right.
21.0,20059.0,Front-right,72.68,-39.05,68.17,-37.44,2.87,-8.31,1.12,0.05,inf,inf,Obstacle is moving away longitudinally. Obstacle is moving away laterally to the right.
21.0,20060.0,Front-right,172.42,-116.24,167.91,-114.63,-8.16,-2.44,3.11,-1.87,20.58,inf,Obstacle is driving toward the ego car longitudinally. Obstacle is moving away laterally to the right.
21.0,20061.0,Front-right,80.17,-210.33,75.66,-208.72,-4.74,0.78,0.48,-1.22,15.96,266.89,Obstacle is driving toward the ego car longitudinally. Obstacle is driving toward the ego car laterally from the right.
21.0,20062.0,Front-right,54.24,-22.7,49.73,-21.09,4.8,-7.77,0.84,-1.21,inf,inf,Obstacle is moving away longitudinally. Obstacle is moving away laterally to the right.
21.0,20063.0,Front-right,33.09,-9.06,28.58,-7.45,5.44,-5.94,0.88,-1.87,inf,inf,Obstacle is moving away longitudinally. Obstacle is moving away laterally to the right.
21.0,20064.0,Front-right,72.53,-217.77,68.02,-216.16,-3.1,2.38,-0.71,-0.94,21.93,90.89,Obstacle is driving toward the ego car longitudinally. Obstacle is driving toward the ego car laterally from the right.
21.0,20066.0,Front-right,51.59,-238.15,47.08,-236.54,2.34,7.67,-1.23,-0.82,inf,30.82,Obstacle is moving away longitudinally. Obstacle is driving toward the ego car laterally from the right.
22.0,20003.0,Front-right,145.43,-124.04,140.92,-122.43,-5.19,-0.0,1.06,-1.69,27.15,inf,Obstacle is driving toward the ego car longitudinally. No lateral relative motion.
22.0,20007.0,Front-right,140.7,-118.92,136.19,-117.31,-5.19,-0.0,1.06,-1.69,26.24,inf,Obstacle is driving toward the ego car longitudinally. No lateral relative motion.
22.0,20013.0,Front-right,136.1,-113.67,131.59,-112.06,-5.19,-0.0,1.06,-1.69,25.35,inf,Obstacle is driving toward the ego car longitudinally. No lateral relative motion.
22.0,20017.0,Front-right,131.56,-108.37,127.05,-106.76,-5.19,-0.0,1.06,-1.69,24.48,inf,Obstacle is driving toward the ego car longitudinally. No lateral relative motion.
22.0,20019.0,Front-right,127.11,-102.99,122.6,-101.38,-5.19,-0.0,1.06,-1.69,23.62,inf,Obstacle is driving toward the ego car longitudinally. No lateral relative motion.
22.0,20021.0,Front-right,122.68,-97.59,118.18,-95.98,-5.19,-0.0,1.06,-1.69,22.77,inf,Obstacle is driving toward the ego car longitudinally. No lateral relative motion.
22.0,20025.0,Front-right,118.33,-92.13,113.83,-90.52,-5.19,-0.0,1.06,-1.69,21.93,inf,Obstacle is driving toward the ego car longitudinally. No lateral relative motion.
22.0,20035.0,Front-right,113.98,-86.67,109.48,-85.06,-5.19,-0.0,1.06,-1.69,21.09,inf,Obstacle is driving toward the ego car longitudinally. No lateral relative motion.
22.0,20039.0,Front-right,109.64,-81.22,105.13,-79.61,-5.19,-0.0,1.06,-1.69,20.25,inf,Obstacle is driving toward the ego car longitudinally. No lateral relative motion.
22.0,20042.0,Left,0.2,4.04,0.0,2.43,-19.92,-0.06,1.03,-1.64,0.0,41.51,Exact longitudinal alignment or co. Obstacle is driving toward the ego car laterally from the left.
22.0,20043.0,Front-right,38.38,-7.78,33.87,-6.17,-17.95,6.73,1.05,-1.52,1.89,0.92,Obstacle is driving toward the ego car longitudinally. Obstacle is driving toward the ego car laterally from the right.
22.0,20044.0,Front-right,72.84,-33.68,68.34,-32.07,-15.12,9.59,1.11,-1.44,4.52,3.35,Obstacle is driving toward the ego car longitudinally. Obstacle is driving toward the ego car laterally from the right.
22.0,20045.0,Front-right,147.45,-144.25,142.94,-142.64,-5.19,0.0,1.06,-1.69,27.54,inf,Obstacle is driving toward the ego car longitudinally. No lateral relative motion.
22.0,20047.0,Front-right,142.5,-149.17,137.99,-147.56,-5.19,0.0,1.06,-1.69,26.59,inf,Obstacle is driving toward the ego car longitudinally. No lateral relative motion.
22.0,20049.0,Front-right,133.4,-158.23,128.89,-156.62,-5.19,0.0,1.06,-1.69,24.83,inf,Obstacle is driving toward the ego car longitudinally. No lateral relative motion.
22.0,20050.0,Front-right,127.06,-164.53,122.55,-162.92,-5.19,0.0,1.06,-1.69,23.61,inf,Obstacle is driving toward the ego car longitudinally. No lateral relative motion.
22.0,20051.0,Front-right,122.11,-169.45,117.6,-167.84,-5.19,0.0,1.06,-1.69,22.66,inf,Obstacle is driving toward the ego car longitudinally. No lateral relative motion.
22.0,20052.0,Front-right,117.15,-174.38,112.65,-172.77,-5.19,0.0,1.06,-1.69,21.7,inf,Obstacle is driving toward the ego car longitudinally. No lateral relative motion.
22.0,20053.0,Front-right,112.09,-179.42,107.58,-177.81,-4.92,0.27,0.42,-1.54,21.88,651.83,Obstacle is driving toward the ego car longitudinally. Obstacle is driving toward the ego car laterally from the right.
22.0,20054.0,Front-right,90.81,-58.03,86.3,-56.42,-0.04,-6.16,1.71,0.29,2047.65,inf,Obstacle is driving toward the ego car longitudinally. Obstacle is moving away laterally to the right.
22.0,20055.0,Front-right,101.96,-189.49,97.46,-187.88,-4.18,1.01,0.61,-1.59,23.33,186.32,Obstacle is driving toward the ego car longitudinally. Obstacle is driving toward the ego car laterally from the right.
22.0,20056.0,Front-right,93.98,-197.43,89.47,-195.82,-4.11,1.08,1.26,-1.74,21.79,181.44,Obstacle is driving toward the ego car longitudinally. Obstacle is driving toward the ego car laterally from the right.
22.0,20057.0,Front-right,165.29,-121.82,160.78,-120.21,-5.44,-0.24,1.87,-1.9,29.54,inf,Obstacle is driving toward the ego car longitudinally. Obstacle is moving away laterally to the right.
22.0,20058.0,Front-right,87.77,-203.61,83.26,-202.0,-4.42,0.77,1.22,-1.73,18.84,263.69,Obstacle is driving toward the ego car longitudinally. Obstacle is driving toward the ego car laterally from the right.
22.0,20059.0,Front-right,73.38,-39.07,68.87,-37.46,3.22,-8.12,1.35,-0.34,inf,inf,Obstacle is moving away longitudinally. Obstacle is moving away laterally to the right.
22.0,20060.0,Front-right,172.87,-114.58,168.36,-112.97,-7.61,-2.31,3.33,-2.27,22.13,inf,Obstacle is driving toward the ego car longitudinally. Obstacle is moving away laterally to the right.
22.0,20061.0,Front-right,81.98,-209.36,77.48,-207.75,-4.42,0.77,0.71,-1.61,17.53,271.36,Obstacle is driving toward the ego car longitudinally. Obstacle is driving toward the ego car laterally from the right.
22.0,20062.0,Front-right,54.96,-22.86,50.45,-21.25,5.23,-7.66,1.07,-1.61,inf,inf,Obstacle is moving away longitudinally. Obstacle is moving away laterally to the right.
22.0,20063.0,Front-right,33.72,-9.28,29.22,-7.67,5.91,-5.85,1.1,-2.27,inf,inf,Obstacle is moving away longitudinally. Obstacle is moving away laterally to the right.
22.0,20064.0,Front-right,74.59,-216.72,70.08,-215.11,-2.89,2.29,-0.48,-1.33,24.29,93.81,Obstacle is driving toward the ego car longitudinally. Obstacle is driving toward the ego car laterally from the right.
22.0,20066.0,Front-right,54.4,-236.8,49.9,-235.19,2.46,7.61,-1.01,-1.21,inf,30.9,Obstacle is moving away longitudinally. Obstacle is driving toward the ego car laterally from the right.
23.0,20003.0,Front-right,146.12,-122.59,141.61,-120.98,-4.75,-0.0,1.23,-2.01,29.79,inf,Obstacle is driving toward the ego car longitudinally. No lateral relative motion.
23.0,20007.0,Front-right,141.34,-117.52,136.83,-115.91,-4.75,-0.0,1.23,-2.01,28.79,inf,Obstacle is driving toward the ego car longitudinally. No lateral relative motion.
23.0,20013.0,Front-right,136.68,-112.31,132.18,-110.7,-4.75,-0.0,1.23,-2.01,27.81,inf,Obstacle is driving toward the ego car longitudinally. No lateral relative motion.
23.0,20017.0,Front-right,132.09,-107.06,127.58,-105.45,-4.75,-0.0,1.23,-2.01,26.84,inf,Obstacle is driving toward the ego car longitudinally. No lateral relative motion.
23.0,20019.0,Front-right,127.59,-101.72,123.08,-100.11,-4.75,-0.0,1.23,-2.01,25.9,inf,Obstacle is driving toward the ego car longitudinally. No lateral relative motion.
23.0,20021.0,Front-right,123.11,-96.37,118.6,-94.76,-4.75,-0.0,1.23,-2.01,24.95,inf,Obstacle is driving toward the ego car longitudinally. No lateral relative motion.
23.0,20025.0,Front-right,118.7,-90.95,114.2,-89.34,-4.75,-0.0,1.23,-2.01,24.03,inf,Obstacle is driving toward the ego car longitudinally. No lateral relative motion.
23.0,20035.0,Front-right,114.3,-85.54,109.79,-83.93,-4.75,-0.0,1.23,-2.01,23.1,inf,Obstacle is driving toward the ego car longitudinally. No lateral relative motion.
23.0,20039.0,Front-right,109.9,-80.13,105.39,-78.52,-4.75,-0.0,1.23,-2.01,22.17,inf,Obstacle is driving toward the ego car longitudinally. No lateral relative motion.
23.0,20042.0,Left,-1.86,4.02,0.0,2.41,-19.49,-0.2,1.2,-1.96,0.0,11.77,Exact longitudinal alignment or co. Obstacle is driving toward the ego car laterally from the left.
23.0,20043.0,Front-right,36.6,-6.73,32.1,-5.12,-17.6,6.61,1.22,-1.84,1.82,0.77,Obstacle is driving toward the ego car longitudinally. Obstacle is driving toward the ego car laterally from the right.
23.0,20044.0,Front-right,71.61,-31.99,67.1,-30.38,-14.79,9.51,1.29,-1.76,4.54,3.19,Obstacle is driving toward the ego car longitudinally. Obstacle is driving toward the ego car laterally from the right.
23.0,20045.0,Front-right,148.34,-142.78,143.83,-141.17,-4.75,0.0,1.23,-2.01,30.26,inf,Obstacle is driving toward the ego car longitudinally. No lateral relative motion.
23.0,20047.0,Front-right,143.44,-147.75,138.93,-146.14,-4.75,0.0,1.23,-2.01,29.23,inf,Obstacle is driving toward the ego car longitudinally. No lateral relative motion.
23.0,20049.0,Front-right,134.42,-156.89,129.92,-155.28,-4.75,0.0,1.23,-2.01,27.33,inf,Obstacle is driving toward the ego car longitudinally. No lateral relative motion.
23.0,20050.0,Front-right,128.15,-163.26,123.64,-161.65,-4.75,0.0,1.23,-2.01,26.01,inf,Obstacle is driving toward the ego car longitudinally. No lateral relative motion.
23.0,20051.0,Front-right,123.25,-168.23,118.74,-166.62,-4.75,0.0,1.23,-2.01,24.98,inf,Obstacle is driving toward the ego car longitudinally. No lateral relative motion.
23.0,20052.0,Front-right,118.34,-173.21,113.83,-171.6,-4.75,0.0,1.23,-2.01,23.95,inf,Obstacle is driving toward the ego car longitudinally. No lateral relative motion.
23.0,20053.0,Front-right,113.35,-178.28,108.84,-176.67,-4.53,0.23,0.59,-1.86,24.04,773.44,Obstacle is driving toward the ego car longitudinally. Obstacle is driving toward the ego car laterally from the right.
23.0,20054.0,Front-right,91.35,-57.73,86.85,-56.12,0.32,-5.94,1.88,-0.03,inf,inf,Obstacle is moving away longitudinally. Obstacle is moving away laterally to the right.
23.0,20055.0,Front-right,103.4,-188.37,98.89,-186.76,-3.78,0.99,0.78,-1.91,26.15,189.49,Obstacle is driving toward the ego car longitudinally. Obstacle is driving toward the ego car laterally from the right.
23.0,20056.0,Front-right,95.5,-196.38,91.0,-194.77,-3.66,1.1,1.44,-2.06,24.84,176.28,Obstacle is driving toward the ego car longitudinally. Obstacle is driving toward the ego car laterally from the right.
23.0,20057.0,Front-right,165.93,-120.19,161.43,-118.58,-4.94,-0.18,2.04,-2.22,32.66,inf,Obstacle is driving toward the ego car longitudinally. Obstacle is moving away laterally to the right.
23.0,20058.0,Front-right,89.33,-202.65,84.82,-201.04,-3.98,0.79,1.39,-2.05,21.32,255.97,Obstacle is driving toward the ego car longitudinally. Obstacle is driving toward the ego car laterally from the right.
23.0,20059.0,Front-right,74.07,-39.13,69.56,-37.52,3.64,-7.94,1.52,-0.66,inf,inf,Obstacle is moving away longitudinally. Obstacle is moving away laterally to the right.
23.0,20060.0,Front-right,173.23,-113.08,168.72,-111.47,-6.98,-2.17,3.51,-2.59,24.17,inf,Obstacle is driving toward the ego car longitudinally. Obstacle is moving away laterally to the right.
23.0,20061.0,Front-right,83.6,-208.46,79.09,-206.85,-4.02,0.75,0.88,-1.93,19.69,276.67,Obstacle is driving toward the ego car longitudinally. Obstacle is driving toward the ego car laterally from the right.
23.0,20062.0,Front-right,55.68,-23.1,51.17,-21.49,5.37,-8.03,1.24,-1.93,inf,inf,Obstacle is moving away longitudinally. Obstacle is moving away laterally to the right.
23.0,20063.0,Front-right,34.4,-9.52,29.89,-7.91,6.45,-5.77,1.28,-2.59,inf,inf,Obstacle is moving away longitudinally. Obstacle is moving away laterally to the right.
23.0,20064.0,Front-right,76.42,-215.74,71.91,-214.13,-2.58,2.2,-0.31,-1.65,27.85,97.21,Obstacle is driving toward the ego car longitudinally. Obstacle is driving toward the ego car laterally from the right.
23.0,20066.0,Front-right,56.96,-235.48,52.46,-233.87,2.67,7.54,-0.83,-1.53,inf,31.03,Obstacle is moving away longitudinally. Obstacle is driving toward the ego car laterally from the right.
24.0,20003.0,Front-right,145.64,-122.57,141.13,-120.96,-4.69,-0.0,-0.26,0.43,30.09,inf,Obstacle is driving toward the ego car longitudinally. No lateral relative motion.
24.0,20007.0,Front-right,140.86,-117.5,136.35,-115.89,-4.69,-0.0,-0.26,0.43,29.07,inf,Obstacle is driving toward the ego car longitudinally. No lateral relative motion.
24.0,20013.0,Front-right,136.2,-112.3,131.69,-110.69,-4.69,-0.0,-0.26,0.43,28.08,inf,Obstacle is driving toward the ego car longitudinally. No lateral relative motion.
24.0,20017.0,Front-right,131.61,-107.04,127.1,-105.43,-4.69,-0.0,-0.26,0.43,27.1,inf,Obstacle is driving toward the ego car longitudinally. No lateral relative motion.
24.0,20019.0,Front-right,127.1,-101.71,122.6,-100.1,-4.69,-0.0,-0.26,0.43,26.14,inf,Obstacle is driving toward the ego car longitudinally. No lateral relative motion.
24.0,20021.0,Front-right,122.62,-96.35,118.12,-94.74,-4.69,-0.0,-0.26,0.43,25.18,inf,Obstacle is driving toward the ego car longitudinally. No lateral relative motion.
24.0,20025.0,Front-right,118.22,-90.94,113.71,-89.33,-4.69,-0.0,-0.26,0.43,24.24,inf,Obstacle is driving toward the ego car longitudinally. No lateral relative motion.
24.0,20035.0,Front-right,113.81,-85.52,109.31,-83.91,-4.69,-0.0,-0.26,0.43,23.31,inf,Obstacle is driving toward the ego car longitudinally. No lateral relative motion.
24.0,20039.0,Front-right,109.41,-80.11,104.9,-78.5,-4.69,-0.0,-0.26,0.43,22.37,inf,Obstacle is driving toward the ego car longitudinally. No lateral relative motion.
24.0,20042.0,Left,-3.84,4.0,0.0,2.39,-19.43,-0.21,-0.29,0.47,0.0,11.56,Exact longitudinal alignment or co. Obstacle is driving toward the ego car laterally from the left.
24.0,20043.0,Front-right,34.79,-6.05,30.29,-4.44,-17.55,6.62,-0.27,0.6,1.73,0.67,Obstacle is driving toward the ego car longitudinally. Obstacle is driving toward the ego car laterally from the right.
24.0,20044.0,Front-right,70.08,-31.0,65.58,-29.39,-14.75,9.52,-0.21,0.68,4.45,3.09,Obstacle is driving toward the ego car longitudinally. Obstacle is driving toward the ego car laterally from the right.
24.0,20045.0,Front-right,147.86,-142.76,143.35,-141.15,-4.69,0.0,-0.26,0.43,30.56,inf,Obstacle is driving toward the ego car longitudinally. No lateral relative motion.
24.0,20047.0,Front-right,142.96,-147.73,138.45,-146.12,-4.69,0.0,-0.26,0.43,29.52,inf,Obstacle is driving toward the ego car longitudinally. No lateral relative motion.
24.0,20049.0,Front-right,133.95,-156.88,129.44,-155.27,-4.69,0.0,-0.26,0.43,27.6,inf,Obstacle is driving toward the ego car longitudinally. No lateral relative motion.
24.0,20050.0,Front-right,127.67,-163.24,123.17,-161.63,-4.69,0.0,-0.26,0.43,26.26,inf,Obstacle is driving toward the ego car longitudinally. No lateral relative motion.
24.0,20051.0,Front-right,122.77,-168.22,118.26,-166.61,-4.69,0.0,-0.26,0.43,25.21,inf,Obstacle is driving toward the ego car longitudinally. No lateral relative motion.
24.0,20052.0,Front-right,117.87,-173.2,113.36,-171.59,-4.69,0.0,-0.26,0.43,24.17,inf,Obstacle is driving toward the ego car longitudinally. No lateral relative motion.
24.0,20053.0,Front-right,112.9,-178.24,108.39,-176.63,-4.5,0.2,-0.71,0.53,24.1,902.66,Obstacle is driving toward the ego car longitudinally. Obstacle is driving toward the ego car laterally from the right.
24.0,20054.0,Front-right,91.36,-58.3,86.86,-56.69,0.25,-5.78,0.4,2.45,inf,inf,Obstacle is moving away longitudinally. Obstacle is moving away laterally to the right.
24.0,20055.0,Front-right,103.02,-188.26,98.51,-186.65,-3.77,0.94,-0.92,0.58,26.16,199.02,Obstacle is driving toward the ego car longitudinally. Obstacle is driving toward the ego car laterally from the right.
24.0,20056.0,Front-right,95.14,-196.26,90.63,-194.65,-3.6,1.11,-0.18,0.41,25.2,175.24,Obstacle is driving toward the ego car longitudinally. Obstacle is driving toward the ego car laterally from the right.
24.0,20057.0,Front-right,165.43,-120.19,160.93,-118.58,-4.84,-0.15,0.21,0.31,33.22,inf,Obstacle is driving toward the ego car longitudinally. Obstacle is moving away laterally to the right.
24.0,20058.0,Front-right,88.93,-202.56,84.43,-200.95,-3.9,0.8,-0.04,0.38,21.65,250.69,Obstacle is driving toward the ego car longitudinally. Obstacle is driving toward the ego car laterally from the right.
24.0,20059.0,Front-right,74.39,-39.93,69.88,-38.32,3.25,-8.14,0.19,2.2,inf,inf,Obstacle is moving away longitudinally. Obstacle is moving away laterally to the right.
24.0,20060.0,Front-right,172.53,-113.27,168.02,-111.66,-6.78,-2.04,1.55,-0.03,24.77,inf,Obstacle is driving toward the ego car longitudinally. Obstacle is moving away laterally to the right.
24.0,20061.0,Front-right,83.2,-208.38,78.69,-206.77,-3.97,0.74,-0.43,0.47,19.84,281.16,Obstacle is driving toward the ego car longitudinally. Obstacle is driving toward the ego car laterally from the right.
24.0,20062.0,Front-right,56.19,-23.89,51.68,-22.28,5.4,-8.0,-0.2,0.93,inf,inf,Obstacle is moving away longitudinally. Obstacle is moving away laterally to the right.
24.0,20063.0,Front-right,35.02,-10.1,30.51,-8.49,6.56,-5.78,-0.23,-0.02,inf,inf,Obstacle is moving away longitudinally. Obstacle is moving away laterally to the right.
24.0,20064.0,Front-right,76.16,-215.52,71.65,-213.91,-2.61,2.11,-1.56,0.73,27.42,101.46,Obstacle is driving toward the ego car longitudinally. Obstacle is driving toward the ego car laterally from the right.
24.0,20066.0,Front-right,57.23,-234.73,52.72,-233.12,2.57,7.37,-2.6,0.97,inf,31.65,Obstacle is moving away longitudinally. Obstacle is driving toward the ego car laterally from the right.
25.0,20003.0,Front-right,150.27,-116.25,145.76,-114.64,-4.93,-0.0,-0.91,1.63,29.55,inf,Obstacle is driving toward the ego car longitudinally. No lateral relative motion.
25.0,20007.0,Front-right,145.27,-111.38,140.76,-109.77,-4.93,-0.0,-0.91,1.63,28.54,inf,Obstacle is driving toward the ego car longitudinally. No lateral relative motion.
25.0,20013.0,Front-right,140.4,-106.38,135.89,-104.77,-4.93,-0.0,-0.91,1.63,27.55,inf,Obstacle is driving toward the ego car longitudinally. No lateral relative motion.
25.0,20017.0,Front-right,135.59,-101.33,131.08,-99.72,-4.93,-0.0,-0.91,1.63,26.58,inf,Obstacle is driving toward the ego car longitudinally. No lateral relative motion.
25.0,20019.0,Front-right,130.86,-96.19,126.35,-94.58,-4.93,-0.0,-0.91,1.63,25.62,inf,Obstacle is driving toward the ego car longitudinally. No lateral relative motion.
25.0,20021.0,Front-right,126.15,-91.03,121.65,-89.42,-4.93,-0.0,-0.91,1.63,24.66,inf,Obstacle is driving toward the ego car longitudinally. No lateral relative motion.
25.0,20025.0,Front-right,121.52,-85.81,117.01,-84.2,-4.93,-0.0,-0.91,1.63,23.72,inf,Obstacle is driving toward the ego car longitudinally. No lateral relative motion.
25.0,20035.0,Front-right,116.89,-80.59,112.38,-78.98,-4.93,-0.0,-0.91,1.63,22.78,inf,Obstacle is driving toward the ego car longitudinally. No lateral relative motion.
25.0,20039.0,Front-right,112.26,-75.37,107.75,-73.76,-4.93,-0.0,-0.91,1.63,21.85,inf,Obstacle is driving toward the ego car longitudinally. No lateral relative motion.
25.0,20042.0,Rear-left,-5.95,3.69,-1.44,2.08,-19.58,-1.76,-0.94,1.68,inf,1.18,Obstacle is moving away longitudinally. Obstacle is driving toward the ego car laterally from the left.
25.0,20043.0,Front-right,33.21,-3.94,28.7,-2.33,-18.08,6.07,-0.92,1.81,1.59,0.38,Obstacle is driving toward the ego car longitudinally. Obstacle is driving toward the ego car laterally from the right.
25.0,20044.0,Front-right,69.78,-27.08,65.27,-25.47,-15.78,8.65,-0.86,1.89,4.13,2.94,Obstacle is driving toward the ego car longitudinally. Obstacle is driving toward the ego car laterally from the right.
25.0,20045.0,Front-right,153.35,-136.32,148.84,-134.71,-4.93,0.0,-0.91,1.63,30.18,inf,Obstacle is driving toward the ego car longitudinally. No lateral relative motion.
25.0,20047.0,Front-right,148.66,-141.5,144.16,-139.89,-4.93,0.0,-0.91,1.63,29.23,inf,Obstacle is driving toward the ego car longitudinally. No lateral relative motion.
25.0,20049.0,Front-right,140.05,-151.02,135.54,-149.41,-4.93,0.0,-0.91,1.63,27.48,inf,Obstacle is driving toward the ego car longitudinally. No lateral relative motion.
25.0,20050.0,Front-right,134.06,-157.64,129.55,-156.03,-4.93,0.0,-0.91,1.63,26.26,inf,Obstacle is driving toward the ego car longitudinally. No lateral relative motion.
25.0,20051.0,Front-right,129.37,-162.82,124.86,-161.21,-4.93,0.0,-0.91,1.63,25.31,inf,Obstacle is driving toward the ego car longitudinally. No lateral relative motion.
25.0,20052.0,Front-right,124.68,-168.01,120.17,-166.4,-4.93,0.0,-0.91,1.63,24.36,inf,Obstacle is driving toward the ego car longitudinally. No lateral relative motion.
25.0,20053.0,Front-right,119.95,-173.24,115.44,-171.63,-4.78,0.17,-1.35,1.74,24.16,1011.9,Obstacle is driving toward the ego car longitudinally. Obstacle is driving toward the ego car laterally from the right.
25.0,20054.0,Front-right,93.81,-54.9,89.3,-53.29,0.1,-5.41,-0.25,3.65,inf,inf,Obstacle is moving away longitudinally. Obstacle is moving away laterally to the right.
25.0,20055.0,Front-right,110.58,-183.6,106.07,-181.99,-4.09,0.93,-1.56,1.79,25.91,196.4,Obstacle is driving toward the ego car longitudinally. Obstacle is driving toward the ego car laterally from the right.
25.0,20056.0,Front-right,103.06,-191.9,98.56,-190.29,-3.88,1.16,-0.83,1.61,25.39,163.72,Obstacle is driving toward the ego car longitudinally. Obstacle is driving toward the ego car laterally from the right.
25.0,20057.0,Front-right,169.93,-113.03,165.42,-111.42,-5.05,-0.12,-0.43,1.51,32.78,inf,Obstacle is driving toward the ego car longitudinally. Obstacle is moving away laterally to the right.
25.0,20058.0,Front-right,97.1,-198.49,92.6,-196.88,-4.16,0.85,-0.69,1.58,22.25,231.25,Obstacle is driving toward the ego car longitudinally. Obstacle is driving toward the ego car laterally from the right.
25.0,20059.0,Front-right,76.38,-37.49,71.87,-35.88,3.22,-7.66,-0.46,3.41,inf,inf,Obstacle is moving away longitudinally. Obstacle is moving away laterally to the right.
25.0,20060.0,Front-right,176.54,-106.01,172.04,-104.4,-6.81,-1.99,0.9,1.17,25.26,inf,Obstacle is driving toward the ego car longitudinally. Obstacle is moving away laterally to the right.
25.0,20061.0,Front-right,91.61,-204.56,87.11,-202.95,-4.25,0.75,-1.08,1.67,20.49,269.61,Obstacle is driving toward the ego car longitudinally. Obstacle is driving toward the ego car laterally from the right.
25.0,20062.0,Front-right,57.73,-22.23,53.22,-20.62,5.44,-7.53,-0.85,2.13,inf,inf,Obstacle is moving away longitudinally. Obstacle is moving away laterally to the right.
25.0,20063.0,Front-right,36.1,-9.12,31.59,-7.51,6.59,-5.32,-0.87,1.19,inf,inf,Obstacle is moving away longitudinally. Obstacle is moving away laterally to the right.
25.0,20064.0,Front-right,85.01,-211.86,80.51,-210.25,-3.04,2.1,-2.2,1.93,26.52,100.28,Obstacle is driving toward the ego car longitudinally. Obstacle is driving toward the ego car laterally from the right.
25.0,20066.0,Front-right,67.41,-231.32,62.9,-229.71,1.84,7.49,-3.24,2.18,inf,30.67,Obstacle is moving away longitudinally. Obstacle is driving toward the ego car laterally from the right.
26.0,20003.0,Front-right,154.39,-110.03,149.89,-108.42,-5.42,-0.0,-1.31,2.6,27.67,inf,Obstacle is driving toward the ego car longitudinally. No lateral relative motion.
26.0,20007.0,Front-right,149.21,-105.37,144.7,-103.76,-5.42,-0.0,-1.31,2.6,26.71,inf,Obstacle is driving toward the ego car longitudinally. No lateral relative motion.
26.0,20013.0,Front-right,144.13,-100.58,139.63,-98.97,-5.42,-0.0,-1.31,2.6,25.78,inf,Obstacle is driving toward the ego car longitudinally. No lateral relative motion.
26.0,20017.0,Front-right,139.12,-95.72,134.61,-94.11,-5.42,-0.0,-1.31,2.6,24.85,inf,Obstacle is driving toward the ego car longitudinally. No lateral relative motion.
26.0,20019.0,Front-right,134.19,-90.78,129.68,-89.17,-5.42,-0.0,-1.31,2.6,23.94,inf,Obstacle is driving toward the ego car longitudinally. No lateral relative motion.
26.0,20021.0,Front-right,129.28,-85.82,124.77,-84.21,-5.42,-0.0,-1.31,2.6,23.03,inf,Obstacle is driving toward the ego car longitudinally. No lateral relative motion.
26.0,20025.0,Front-right,124.44,-80.79,119.93,-79.18,-5.42,-0.0,-1.31,2.6,22.14,inf,Obstacle is driving toward the ego car longitudinally. No lateral relative motion.
26.0,20035.0,Front-right,119.59,-75.76,115.09,-74.15,-5.42,-0.0,-1.31,2.6,21.25,inf,Obstacle is driving toward the ego car longitudinally. No lateral relative motion.
26.0,20039.0,Front-right,114.76,-70.74,110.25,-69.13,-5.42,-0.0,-1.31,2.6,20.35,inf,Obstacle is driving toward the ego car longitudinally. No lateral relative motion.
26.0,20042.0,Rear-left,-8.04,3.21,-3.53,1.6,-19.98,-2.35,-1.34,2.64,inf,0.68,Obstacle is moving away longitudinally. Obstacle is driving toward the ego car laterally from the left.
26.0,20043.0,Front-right,31.5,-2.02,26.99,-0.41,-18.81,5.53,-1.32,2.75,1.43,0.07,Obstacle is driving toward the ego car longitudinally. Obstacle is driving toward the ego car laterally from the right.
26.0,20044.0,Front-right,69.19,-23.38,64.69,-21.77,-16.63,8.22,-1.27,2.86,3.89,2.65,Obstacle is driving toward the ego car longitudinally. Obstacle is driving toward the ego car laterally from the right.
26.0,20045.0,Front-right,158.29,-129.96,153.78,-128.35,-5.42,0.0,-1.31,2.6,28.39,inf,Obstacle is driving toward the ego car longitudinally. No lateral relative motion.
26.0,20047.0,Front-right,153.82,-135.33,149.31,-133.72,-5.42,0.0,-1.31,2.6,27.57,inf,Obstacle is driving toward the ego car longitudinally. No lateral relative motion.
26.0,20049.0,Front-right,145.6,-145.19,141.09,-143.58,-5.42,0.0,-1.31,2.6,26.05,inf,Obstacle is driving toward the ego car longitudinally. No lateral relative motion.
26.0,20050.0,Front-right,139.88,-152.06,135.37,-150.45,-5.42,0.0,-1.31,2.6,24.99,inf,Obstacle is driving toward the ego car longitudinally. No lateral relative motion.
26.0,20051.0,Front-right,135.41,-157.42,130.9,-155.81,-5.42,0.0,-1.31,2.6,24.17,inf,Obstacle is driving toward the ego car longitudinally. No lateral relative motion.
26.0,20052.0,Front-right,130.94,-162.79,126.43,-161.18,-5.42,0.0,-1.31,2.6,23.34,inf,Obstacle is driving toward the ego car longitudinally. No lateral relative motion.
26.0,20053.0,Front-right,126.43,-168.2,121.92,-166.59,-5.3,0.14,-1.76,2.71,23.01,1186.75,Obstacle is driving toward the ego car longitudinally. Obstacle is driving toward the ego car laterally from the right.
26.0,20054.0,Front-right,96.01,-51.55,91.5,-49.94,-0.32,-5.05,-0.65,4.62,288.39,inf,Obstacle is driving toward the ego car longitudinally. Obstacle is moving away laterally to the right.
26.0,20055.0,Front-right,117.56,-178.85,113.05,-177.24,-4.66,0.91,-1.96,2.75,24.26,195.15,Obstacle is driving toward the ego car longitudinally. Obstacle is driving toward the ego car laterally from the right.
26.0,20056.0,Front-right,110.41,-187.43,105.9,-185.82,-4.41,1.21,-1.23,2.58,24.02,153.53,Obstacle is driving toward the ego car longitudinally. Obstacle is driving toward the ego car laterally from the right.
26.0,20057.0,Front-right,173.9,-106.03,169.39,-104.42,-5.49,-0.09,-0.83,2.48,30.83,inf,Obstacle is driving toward the ego car longitudinally. Obstacle is moving away laterally to the right.
26.0,20058.0,Front-right,104.7,-194.29,100.19,-192.68,-4.67,0.9,-1.09,2.55,21.47,214.23,Obstacle is driving toward the ego car longitudinally. Obstacle is driving toward the ego car laterally from the right.
26.0,20059.0,Front-right,78.2,-35.08,73.69,-33.47,2.9,-7.21,-0.86,4.38,inf,inf,Obstacle is moving away longitudinally. Obstacle is moving away laterally to the right.
26.0,20060.0,Front-right,180.06,-98.93,175.55,-97.32,-7.09,-1.93,0.5,2.14,24.77,inf,Obstacle is driving toward the ego car longitudinally. Obstacle is moving away laterally to the right.
26.0,20061.0,Front-right,99.45,-200.59,94.94,-198.98,-4.78,0.77,-1.48,2.64,19.87,259.57,Obstacle is driving toward the ego car longitudinally. Obstacle is driving toward the ego car laterally from the right.
26.0,20062.0,Front-right,59.17,-20.57,54.66,-18.96,5.22,-7.07,-1.25,3.1,inf,inf,Obstacle is moving away longitudinally. Obstacle is moving away laterally to the right.
26.0,20063.0,Front-right,37.11,-8.19,32.61,-6.58,6.1,-5.44,-1.3,2.15,inf,inf,Obstacle is moving away longitudinally. Obstacle is moving away laterally to the right.
26.0,20064.0,Front-right,93.26,-208.01,88.76,-206.4,-3.69,2.07,-2.6,2.9,24.04,99.72,Obstacle is driving toward the ego car longitudinally. Obstacle is driving toward the ego car laterally from the right.
26.0,20066.0,Front-right,76.93,-227.61,72.42,-226.0,0.89,7.58,-3.65,3.15,inf,29.83,Obstacle is moving away longitudinally. Obstacle is driving toward the ego car laterally from the right.
27.0,20003.0,Front-right,156.25,-106.63,151.74,-105.02,-5.72,-0.0,-0.69,1.44,26.51,inf,Obstacle is driving toward the ego car longitudinally. No lateral relative motion.
27.0,20007.0,Front-right,150.96,-102.08,146.45,-100.47,-5.72,-0.0,-0.69,1.44,25.59,inf,Obstacle is driving toward the ego car longitudinally. No lateral relative motion.
27.0,20013.0,Front-right,145.78,-97.4,141.28,-95.79,-5.72,-0.0,-0.69,1.44,24.68,inf,Obstacle is driving toward the ego car longitudinally. No lateral relative motion.
27.0,20017.0,Front-right,140.67,-92.65,136.16,-91.04,-5.72,-0.0,-0.69,1.44,23.79,inf,Obstacle is driving toward the ego car longitudinally. No lateral relative motion.
27.0,20019.0,Front-right,135.63,-87.82,131.12,-86.21,-5.72,-0.0,-0.69,1.44,22.91,inf,Obstacle is driving toward the ego car longitudinally. No lateral relative motion.
27.0,20021.0,Front-right,130.61,-82.97,126.1,-81.36,-5.72,-0.0,-0.69,1.44,22.03,inf,Obstacle is driving toward the ego car longitudinally. No lateral relative motion.
27.0,20025.0,Front-right,125.66,-78.05,121.15,-76.44,-5.72,-0.0,-0.69,1.44,21.16,inf,Obstacle is driving toward the ego car longitudinally. No lateral relative motion.
27.0,20035.0,Front-right,120.71,-73.13,116.2,-71.52,-5.72,-0.0,-0.69,1.44,20.3,inf,Obstacle is driving toward the ego car longitudinally. No lateral relative motion.
27.0,20039.0,Front-right,115.76,-68.21,111.25,-66.6,-5.72,-0.0,-0.69,1.44,19.44,inf,Obstacle is driving toward the ego car longitudinally. No lateral relative motion.
27.0,20042.0,Rear-left,-10.08,2.76,-5.57,1.15,-20.24,-2.67,-0.72,1.49,inf,0.43,Obstacle is moving away longitudinally. Obstacle is driving toward the ego car laterally from the left.
27.0,20043.0,Front,29.63,-0.83,25.12,0.0,-19.5,4.55,-0.71,1.59,1.29,0.0,Obstacle is driving toward the ego car longitudinally. Exact lateral alignment or unknown case.
27.0,20044.0,Front-right,68.01,-21.04,63.5,-19.43,-17.14,7.98,-0.65,1.66,3.71,2.43,Obstacle is driving toward the ego car longitudinally. Obstacle is driving toward the ego car laterally from the right.
27.0,20045.0,Front-right,160.58,-126.46,156.07,-124.85,-5.72,0.0,-0.69,1.44,27.27,inf,Obstacle is driving toward the ego car longitudinally. No lateral relative motion.
27.0,20047.0,Front-right,156.23,-131.93,151.72,-130.32,-5.72,0.0,-0.69,1.44,26.51,inf,Obstacle is driving toward the ego car longitudinally. No lateral relative motion.
27.0,20049.0,Front-right,148.23,-141.97,143.72,-140.36,-5.72,0.0,-0.69,1.44,25.11,inf,Obstacle is driving toward the ego car longitudinally. No lateral relative motion.
27.0,20050.0,Front-right,142.66,-148.96,138.15,-147.35,-5.72,0.0,-0.69,1.44,24.14,inf,Obstacle is driving toward the ego car longitudinally. No lateral relative motion.
27.0,20051.0,Front-right,138.31,-154.42,133.8,-152.81,-5.72,0.0,-0.69,1.44,23.38,inf,Obstacle is driving toward the ego car longitudinally. No lateral relative motion.
27.0,20052.0,Front-right,133.95,-159.89,129.45,-158.28,-5.72,0.0,-0.69,1.44,22.61,inf,Obstacle is driving toward the ego car longitudinally. No lateral relative motion.
27.0,20053.0,Front-right,129.58,-165.38,125.07,-163.77,-5.64,0.11,-1.13,1.55,22.18,1531.65,Obstacle is driving toward the ego car longitudinally. Obstacle is driving toward the ego car laterally from the right.
27.0,20054.0,Front-right,97.11,-49.92,92.6,-48.31,-0.67,-4.79,-0.03,3.46,138.28,inf,Obstacle is driving toward the ego car longitudinally. Obstacle is moving away laterally to the right.
27.0,20055.0,Front-right,121.0,-176.14,116.49,-174.53,-5.03,0.87,-1.34,1.6,23.16,200.14,Obstacle is driving toward the ego car longitudinally. Obstacle is driving toward the ego car laterally from the right.
27.0,20056.0,Front-right,114.07,-184.84,109.56,-183.23,-4.74,1.24,-0.61,1.43,23.13,147.97,Obstacle is driving toward the ego car longitudinally. Obstacle is driving toward the ego car laterally from the right.
27.0,20057.0,Front-right,175.66,-102.21,171.15,-100.6,-5.77,-0.05,-0.21,1.32,29.67,inf,Obstacle is driving toward the ego car longitudinally. Obstacle is moving away laterally to the right.
27.0,20058.0,Front-right,108.48,-191.85,103.98,-190.24,-4.98,0.93,-0.47,1.39,20.88,203.83,Obstacle is driving toward the ego car longitudinally. Obstacle is driving toward the ego car laterally from the right.
27.0,20059.0,Front-right,79.27,-34.06,74.77,-32.45,2.61,-6.9,-0.24,3.22,inf,inf,Obstacle is moving away longitudinally. Obstacle is moving away laterally to the right.
27.0,20060.0,Front-right,181.51,-95.16,177.0,-93.55,-7.23,-1.82,1.12,0.98,24.47,inf,Obstacle is driving toward the ego car longitudinally. Obstacle is moving away laterally to the right.
27.0,20061.0,Front-right,103.36,-198.28,98.86,-196.67,-5.11,0.77,-0.86,1.48,19.33,256.5,Obstacle is driving toward the ego car longitudinally. Obstacle is driving toward the ego car laterally from the right.
27.0,20062.0,Front-right,60.17,-19.95,55.66,-18.34,5.02,-6.81,-0.63,1.94,inf,inf,Obstacle is moving away longitudinally. Obstacle is moving away laterally to the right.
27.0,20063.0,Front-right,37.93,-7.89,33.43,-6.28,5.95,-5.21,-0.68,0.99,inf,inf,Obstacle is moving away longitudinally. Obstacle is moving away laterally to the right.
27.0,20064.0,Front-right,97.45,-205.71,92.94,-204.1,-4.13,2.0,-1.98,1.74,22.51,101.9,Obstacle is driving toward the ego car longitudinally. Obstacle is driving toward the ego car laterally from the right.
27.0,20066.0,Front-right,81.99,-225.11,77.48,-223.5,0.27,7.52,-3.03,1.99,inf,29.7,Obstacle is moving away longitudinally. Obstacle is driving toward the ego car laterally from the right.
28.0,20003.0,Front-right,153.48,-109.8,148.97,-108.19,-6.06,-0.0,-0.76,1.51,24.6,inf,Obstacle is driving toward the ego car longitudinally. No lateral relative motion.
28.0,20007.0,Front-right,148.29,-105.15,143.78,-103.54,-6.06,-0.0,-0.76,1.51,23.74,inf,Obstacle is driving toward the ego car longitudinally. No lateral relative motion.
28.0,20013.0,Front-right,143.21,-100.36,138.7,-98.75,-6.06,-0.0,-0.76,1.51,22.9,inf,Obstacle is driving toward the ego car longitudinally. No lateral relative motion.
28.0,20017.0,Front-right,138.19,-95.51,133.68,-93.9,-6.06,-0.0,-0.76,1.51,22.07,inf,Obstacle is driving toward the ego car longitudinally. No lateral relative motion.
28.0,20019.0,Front-right,133.25,-90.58,128.74,-88.97,-6.06,-0.0,-0.76,1.51,21.26,inf,Obstacle is driving toward the ego car longitudinally. No lateral relative motion.
28.0,20021.0,Front-right,128.33,-85.62,123.82,-84.01,-6.06,-0.0,-0.76,1.51,20.45,inf,Obstacle is driving toward the ego car longitudinally. No lateral relative motion.
28.0,20025.0,Front-right,123.48,-80.6,118.97,-78.99,-6.06,-0.0,-0.76,1.51,19.65,inf,Obstacle is driving toward the ego car longitudinally. No lateral relative motion.
28.0,20035.0,Front-right,118.63,-75.58,114.12,-73.97,-6.06,-0.0,-0.76,1.51,18.85,inf,Obstacle is driving toward the ego car longitudinally. No lateral relative motion.
28.0,20039.0,Front-right,113.79,-70.56,109.28,-68.95,-6.06,-0.0,-0.76,1.51,18.05,inf,Obstacle is driving toward the ego car longitudinally. No lateral relative motion.
28.0,20042.0,Rear-left,-12.04,2.73,-7.53,1.12,-20.63,-2.38,-0.79,1.55,inf,0.47,Obstacle is moving away longitudinally. Obstacle is driving toward the ego car laterally from the left.
28.0,20043.0,Front,27.65,-0.94,23.15,0.0,-19.75,4.83,-0.77,1.66,1.17,0.0,Obstacle is driving toward the ego car longitudinally. Exact lateral alignment or unknown case.
28.0,20044.0,Front-right,65.85,-21.58,61.35,-19.97,-17.32,8.23,-0.72,1.72,3.54,2.43,Obstacle is driving toward the ego car longitudinally. Obstacle is driving toward the ego car laterally from the right.
28.0,20045.0,Front-right,157.41,-129.72,152.9,-128.11,-6.06,0.0,-0.76,1.51,25.25,inf,Obstacle is driving toward the ego car longitudinally. No lateral relative motion.
28.0,20047.0,Front-right,152.94,-135.09,148.44,-133.48,-6.06,0.0,-0.76,1.51,24.51,inf,Obstacle is driving toward the ego car longitudinally. No lateral relative motion.
28.0,20049.0,Front-right,144.74,-144.97,140.23,-143.36,-6.06,0.0,-0.76,1.51,23.16,inf,Obstacle is driving toward the ego car longitudinally. No lateral relative motion.
28.0,20050.0,Front-right,139.03,-151.84,134.52,-150.23,-6.06,0.0,-0.76,1.51,22.21,inf,Obstacle is driving toward the ego car longitudinally. No lateral relative motion.
28.0,20051.0,Front-right,134.57,-157.21,130.06,-155.6,-6.06,0.0,-0.76,1.51,21.48,inf,Obstacle is driving toward the ego car longitudinally. No lateral relative motion.
28.0,20052.0,Front-right,130.1,-162.59,125.59,-160.98,-6.06,0.0,-0.76,1.51,20.74,inf,Obstacle is driving toward the ego car longitudinally. No lateral relative motion.
28.0,20053.0,Front-right,125.62,-167.98,121.11,-166.37,-6.0,0.07,-1.2,1.61,20.19,2384.51,Obstacle is driving toward the ego car longitudinally. Obstacle is driving toward the ego car laterally from the right.
28.0,20054.0,Front-right,96.0,-52.38,91.49,-50.77,-1.25,-4.75,-0.1,3.53,73.11,inf,Obstacle is driving toward the ego car longitudinally. Obstacle is moving away laterally to the right.
28.0,20055.0,Front-right,116.89,-178.5,112.38,-176.89,-5.39,0.81,-1.41,1.66,20.86,219.49,Obstacle is driving toward the ego car longitudinally. Obstacle is driving toward the ego car laterally from the right.
28.0,20056.0,Front-right,109.81,-187.01,105.31,-185.4,-5.04,1.22,-0.68,1.49,20.9,151.48,Obstacle is driving toward the ego car longitudinally. Obstacle is driving toward the ego car laterally from the right.
28.0,20057.0,Front-right,172.97,-105.78,168.47,-104.17,-6.07,-0.02,-0.28,1.39,27.76,inf,Obstacle is driving toward the ego car longitudinally. Obstacle is moving away laterally to the right.
28.0,20058.0,Front-right,104.06,-193.94,99.55,-192.33,-5.28,0.94,-0.54,1.46,18.86,205.62,Obstacle is driving toward the ego car longitudinally. Obstacle is driving toward the ego car laterally from the right.
28.0,20059.0,Front-right,78.82,-36.37,74.31,-34.76,2.0,-6.95,-0.31,3.28,inf,inf,Obstacle is moving away longitudinally. Obstacle is moving away laterally to the right.
28.0,20060.0,Front-right,178.82,-99.02,174.31,-97.41,-7.48,-1.65,1.05,1.05,23.3,inf,Obstacle is driving toward the ego car longitudinally. Obstacle is moving away laterally to the right.
28.0,20061.0,Front-right,98.79,-200.28,94.29,-198.67,-5.44,0.74,-0.92,1.55,17.33,268.18,Obstacle is driving toward the ego car longitudinally. Obstacle is driving toward the ego car laterally from the right.
28.0,20062.0,Front-right,60.25,-21.88,55.74,-20.27,4.5,-7.0,-0.69,2.01,inf,inf,Obstacle is moving away longitudinally. Obstacle is moving away laterally to the right.
28.0,20063.0,Front-right,38.37,-9.21,33.86,-7.6,5.55,-5.46,-0.74,1.06,inf,inf,Obstacle is moving away longitudinally. Obstacle is moving away laterally to the right.
28.0,20064.0,Front-right,92.82,-207.47,88.31,-205.86,-4.5,1.87,-2.05,1.81,19.61,110.22,Obstacle is driving toward the ego car longitudinally. Obstacle is driving toward the ego car laterally from the right.
28.0,20066.0,Front-right,77.42,-226.01,72.91,-224.4,-0.06,7.22,-3.09,2.05,1166.57,31.1,Obstacle is driving toward the ego car longitudinally. Obstacle is driving toward the ego car laterally from the right.
29.0,20003.0,Front-right,153.55,-108.88,149.04,-107.27,-6.4,-0.0,-0.76,1.54,23.29,inf,Obstacle is driving toward the ego car longitudinally. No lateral relative motion.
29.0,20007.0,Front-right,148.32,-104.26,143.81,-102.65,-6.4,-0.0,-0.76,1.54,22.47,inf,Obstacle is driving toward the ego car longitudinally. No lateral relative motion.
29.0,20013.0,Front-right,143.21,-99.5,138.71,-97.89,-6.4,-0.0,-0.76,1.54,21.67,inf,Obstacle is driving toward the ego car longitudinally. No lateral relative motion.
29.0,20017.0,Front-right,138.16,-94.68,133.66,-93.07,-6.4,-0.0,-0.76,1.54,20.88,inf,Obstacle is driving toward the ego car longitudinally. No lateral relative motion.
29.0,20019.0,Front-right,133.2,-89.78,128.69,-88.17,-6.4,-0.0,-0.76,1.54,20.11,inf,Obstacle is driving toward the ego car longitudinally. No lateral relative motion.
29.0,20021.0,Front-right,128.25,-84.85,123.74,-83.24,-6.4,-0.0,-0.76,1.54,19.33,inf,Obstacle is driving toward the ego car longitudinally. No lateral relative motion.
29.0,20025.0,Front-right,123.37,-79.86,118.86,-78.25,-6.4,-0.0,-0.76,1.54,18.57,inf,Obstacle is driving toward the ego car longitudinally. No lateral relative motion.
29.0,20035.0,Front-right,118.49,-74.87,113.98,-73.26,-6.4,-0.0,-0.76,1.54,17.81,inf,Obstacle is driving toward the ego car longitudinally. No lateral relative motion.
29.0,20039.0,Front-right,113.62,-69.88,109.11,-68.27,-6.4,-0.0,-0.76,1.54,17.05,inf,Obstacle is driving toward the ego car longitudinally. No lateral relative motion.
29.0,20042.0,Rear-left,-14.1,2.37,-9.59,0.76,-20.8,-3.26,-0.79,1.57,inf,0.23,Obstacle is moving away longitudinally. Obstacle is driving toward the ego car laterally from the left.
29.0,20043.0,Front,25.67,-0.3,21.17,0.0,-20.14,4.76,-0.78,1.69,1.05,0.0,Obstacle is driving toward the ego car longitudinally. Exact lateral alignment or unknown case.
29.0,20044.0,Front-right,64.24,-20.36,59.73,-18.75,-17.73,8.17,-0.72,1.76,3.37,2.29,Obstacle is driving toward the ego car longitudinally. Obstacle is driving toward the ego car laterally from the right.
29.0,20045.0,Front-right,157.59,-128.78,153.08,-127.17,-6.4,0.0,-0.76,1.54,23.92,inf,Obstacle is driving toward the ego car longitudinally. No lateral relative motion.
29.0,20047.0,Front-right,153.16,-134.18,148.65,-132.57,-6.4,0.0,-0.76,1.54,23.23,inf,Obstacle is driving toward the ego car longitudinally. No lateral relative motion.
29.0,20049.0,Front-right,145.01,-144.1,140.51,-142.49,-6.4,0.0,-0.76,1.54,21.95,inf,Obstacle is driving toward the ego car longitudinally. No lateral relative motion.
29.0,20050.0,Front-right,139.35,-151.01,134.84,-149.4,-6.4,0.0,-0.76,1.54,21.07,inf,Obstacle is driving toward the ego car longitudinally. No lateral relative motion.
29.0,20051.0,Front-right,134.91,-156.41,130.41,-154.8,-6.4,0.0,-0.76,1.54,20.38,inf,Obstacle is driving toward the ego car longitudinally. No lateral relative motion.
29.0,20052.0,Front-right,130.48,-161.81,125.97,-160.2,-6.4,0.0,-0.76,1.54,19.68,inf,Obstacle is driving toward the ego car longitudinally. No lateral relative motion.
29.0,20053.0,Front-right,126.04,-167.22,121.53,-165.61,-6.36,0.05,-1.03,1.6,19.11,3384.34,Obstacle is driving toward the ego car longitudinally. Obstacle is driving toward the ego car laterally from the right.
29.0,20054.0,Front-right,96.2,-52.27,91.69,-50.66,-1.72,-4.57,-0.11,3.54,53.37,inf,Obstacle is driving toward the ego car longitudinally. Obstacle is moving away laterally to the right.
29.0,20055.0,Front-right,117.43,-177.72,112.92,-176.11,-5.78,0.75,-1.48,1.71,19.53,233.96,Obstacle is driving toward the ego car longitudinally. Obstacle is driving toward the ego car laterally from the right.
29.0,20056.0,Front-right,110.44,-186.23,105.93,-184.62,-5.4,1.22,-0.89,1.57,19.62,151.31,Obstacle is driving toward the ego car longitudinally. Obstacle is driving toward the ego car laterally from the right.
29.0,20057.0,Front-right,173.01,-104.74,168.51,-103.13,-6.4,-0.0,-0.76,1.54,26.33,inf,Obstacle is driving toward the ego car longitudinally. No lateral relative motion.
29.0,20058.0,Front-right,104.71,-193.22,100.2,-191.61,-5.61,0.96,-0.52,1.48,17.85,199.82,Obstacle is driving toward the ego car longitudinally. Obstacle is driving toward the ego car laterally from the right.
29.0,20059.0,Front-right,79.24,-36.58,74.74,-34.97,1.53,-6.77,-0.24,3.61,inf,inf,Obstacle is moving away longitudinally. Obstacle is moving away laterally to the right.
29.0,20060.0,Front-right,178.69,-98.11,174.18,-96.5,-7.72,-1.54,0.72,1.16,22.57,inf,Obstacle is driving toward the ego car longitudinally. Obstacle is moving away laterally to the right.
29.0,20061.0,Front-right,99.46,-199.61,94.95,-198.0,-5.79,0.74,-0.78,1.54,16.4,266.44,Obstacle is driving toward the ego car longitudinally. Obstacle is driving toward the ego car laterally from the right.
29.0,20062.0,Front-right,60.84,-22.22,56.33,-20.61,3.79,-7.35,-0.59,2.55,inf,inf,Obstacle is moving away longitudinally. Obstacle is moving away laterally to the right.
29.0,20063.0,Front-right,39.0,-9.52,34.49,-7.91,5.26,-5.41,-0.75,1.3,inf,inf,Obstacle is moving away longitudinally. Obstacle is moving away laterally to the right.
29.0,20064.0,Front-right,93.62,-206.73,89.11,-205.12,-4.93,1.79,-1.8,1.78,18.09,114.29,Obstacle is driving toward the ego car longitudinally. Obstacle is driving toward the ego car laterally from the right.
29.0,20066.0,Front-right,78.77,-224.83,74.26,-223.22,-0.61,7.06,-3.18,2.1,122.17,31.62,Obstacle is driving toward the ego car longitudinally. Obstacle is driving toward the ego car laterally from the right.
30.0,20003.0,Front-right,152.6,-109.33,148.1,-107.72,-6.56,-0.0,-0.32,0.64,22.58,inf,Obstacle is driving toward the ego car longitudinally. No lateral relative motion.
30.0,20007.0,Front-right,147.39,-104.69,142.89,-103.08,-6.56,-0.0,-0.32,0.64,21.78,inf,Obstacle is driving toward the ego car longitudinally. No lateral relative motion.
30.0,20013.0,Front-right,142.3,-99.92,137.79,-98.31,-6.56,-0.0,-0.32,0.64,21.01,inf,Obstacle is driving toward the ego car longitudinally. No lateral relative motion.
30.0,20017.0,Front-right,137.26,-95.09,132.76,-93.48,-6.56,-0.0,-0.32,0.64,20.24,inf,Obstacle is driving toward the ego car longitudinally. No lateral relative motion.
30.0,20019.0,Front-right,132.31,-90.17,127.8,-88.56,-6.56,-0.0,-0.32,0.64,19.48,inf,Obstacle is driving toward the ego car longitudinally. No lateral relative motion.
30.0,20021.0,Front-right,127.38,-85.23,122.87,-83.62,-6.56,-0.0,-0.32,0.64,18.73,inf,Obstacle is driving toward the ego car longitudinally. No lateral relative motion.
30.0,20025.0,Front-right,122.51,-80.22,118.0,-78.61,-6.56,-0.0,-0.32,0.64,17.99,inf,Obstacle is driving toward the ego car longitudinally. No lateral relative motion.
30.0,20035.0,Front-right,117.65,-75.22,113.14,-73.61,-6.56,-0.0,-0.32,0.64,17.25,inf,Obstacle is driving toward the ego car longitudinally. No lateral relative motion.
30.0,20039.0,Front-right,112.79,-70.21,108.28,-68.6,-6.56,-0.0,-0.32,0.64,16.51,inf,Obstacle is driving toward the ego car longitudinally. No lateral relative motion.
30.0,20042.0,Rear-left,-16.16,2.09,-11.66,0.48,-20.98,-3.22,-0.35,0.68,inf,0.15,Obstacle is moving away longitudinally. Obstacle is driving toward the ego car laterally from the left.
30.0,20043.0,Front,23.65,0.12,19.15,0.0,-20.3,4.8,-0.34,0.79,0.94,0.0,Obstacle is driving toward the ego car longitudinally. Exact lateral alignment or unknown case.
30.0,20044.0,Front-right,62.4,-19.71,57.89,-18.1,-17.88,8.22,-0.28,0.86,3.24,2.2,Obstacle is driving toward the ego car longitudinally. Obstacle is driving toward the ego car laterally from the right.
30.0,20045.0,Front-right,156.59,-129.24,152.08,-127.63,-6.56,0.0,-0.32,0.64,23.18,inf,Obstacle is driving toward the ego car longitudinally. No lateral relative motion.
30.0,20047.0,Front-right,152.14,-134.62,147.64,-133.01,-6.56,0.0,-0.32,0.64,22.51,inf,Obstacle is driving toward the ego car longitudinally. No lateral relative motion.
30.0,20049.0,Front-right,143.97,-144.52,139.46,-142.91,-6.56,0.0,-0.32,0.64,21.26,inf,Obstacle is driving toward the ego car longitudinally. No lateral relative motion.
30.0,20050.0,Front-right,138.28,-151.42,133.77,-149.81,-6.56,0.0,-0.32,0.64,20.39,inf,Obstacle is driving toward the ego car longitudinally. No lateral relative motion.
30.0,20051.0,Front-right,133.83,-156.8,129.33,-155.19,-6.56,0.0,-0.32,0.64,19.72,inf,Obstacle is driving toward the ego car longitudinally. No lateral relative motion.
30.0,20052.0,Front-right,129.38,-162.19,124.88,-160.58,-6.56,0.0,-0.32,0.64,19.04,inf,Obstacle is driving toward the ego car longitudinally. No lateral relative motion.
30.0,20053.0,Front-right,124.93,-167.59,120.42,-165.98,-6.54,0.03,-0.59,0.71,18.42,5978.27,Obstacle is driving toward the ego car longitudinally. Obstacle is driving toward the ego car laterally from the right.
30.0,20054.0,Front-right,95.88,-53.0,91.37,-51.39,-2.04,-4.44,0.33,2.64,44.76,inf,Obstacle is driving toward the ego car longitudinally. Obstacle is moving away laterally to the right.
30.0,20055.0,Front-right,116.34,-177.99,111.84,-176.38,-5.99,0.69,-1.04,0.81,18.68,254.2,Obstacle is driving toward the ego car longitudinally. Obstacle is driving toward the ego car laterally from the right.
30.0,20056.0,Front-right,109.37,-186.43,104.86,-184.82,-5.56,1.21,-0.45,0.67,18.85,153.09,Obstacle is driving toward the ego car longitudinally. Obstacle is driving toward the ego car laterally from the right.
30.0,20057.0,Front-right,172.08,-105.25,167.58,-103.64,-6.56,-0.0,-0.32,0.64,25.55,inf,Obstacle is driving toward the ego car longitudinally. No lateral relative motion.
30.0,20058.0,Front-right,103.6,-193.43,99.09,-191.82,-5.75,0.98,-0.08,0.59,17.22,196.65,Obstacle is driving toward the ego car longitudinally. Obstacle is driving toward the ego car laterally from the right.
30.0,20059.0,Front-right,79.3,-37.49,74.79,-35.88,1.19,-6.65,0.2,2.72,inf,inf,Obstacle is moving away longitudinally. Obstacle is moving away laterally to the right.
30.0,20060.0,Front-right,177.65,-98.78,173.14,-97.17,-7.78,-1.42,1.16,0.27,22.25,inf,Obstacle is driving toward the ego car longitudinally. Obstacle is moving away laterally to the right.
30.0,20061.0,Front-right,98.31,-199.83,93.81,-198.22,-5.95,0.74,-0.34,0.65,15.77,267.87,Obstacle is driving toward the ego car longitudinally. Obstacle is driving toward the ego car laterally from the right.
30.0,20062.0,Front-right,61.16,-23.13,56.65,-21.52,3.53,-7.32,-0.15,1.66,inf,inf,Obstacle is moving away longitudinally. Obstacle is moving away laterally to the right.
30.0,20063.0,Front-right,39.51,-10.18,35.0,-8.57,5.1,-5.45,-0.31,0.41,inf,inf,Obstacle is moving away longitudinally. Obstacle is moving away laterally to the right.
30.0,20064.0,Front-right,92.54,-206.82,88.03,-205.21,-5.15,1.71,-1.36,0.88,17.1,120.12,Obstacle is driving toward the ego car longitudinally. Obstacle is driving toward the ego car laterally from the right.
30.0,20066.0,Front-right,78.06,-224.36,73.55,-222.75,-0.9,6.85,-2.74,1.21,81.28,32.52,Obstacle is driving toward the ego car longitudinally. Obstacle is driving toward the ego car laterally from the right.
31.0,20003.0,Front-right,152.82,-108.11,148.31,-106.5,-6.7,-0.0,-0.27,0.54,22.15,inf,Obstacle is driving toward the ego car longitudinally. No lateral relative motion.
31.0,20007.0,Front-right,147.57,-103.52,143.06,-101.91,-6.7,-0.0,-0.27,0.54,21.36,inf,Obstacle is driving toward the ego car longitudinally. No lateral relative motion.
31.0,20013.0,Front-right,142.44,-98.79,137.93,-97.18,-6.7,-0.0,-0.27,0.54,20.6,inf,Obstacle is driving toward the ego car longitudinally. No lateral relative motion.
31.0,20017.0,Front-right,137.37,-94.0,132.86,-92.39,-6.7,-0.0,-0.27,0.54,19.84,inf,Obstacle is driving toward the ego car longitudinally. No lateral relative motion.
31.0,20019.0,Front-right,132.37,-89.12,127.86,-87.51,-6.7,-0.0,-0.27,0.54,19.09,inf,Obstacle is driving toward the ego car longitudinally. No lateral relative motion.
31.0,20021.0,Front-right,127.4,-84.22,122.89,-82.61,-6.7,-0.0,-0.27,0.54,18.35,inf,Obstacle is driving toward the ego car longitudinally. No lateral relative motion.
31.0,20025.0,Front-right,122.5,-79.25,117.99,-77.64,-6.7,-0.0,-0.27,0.54,17.62,inf,Obstacle is driving toward the ego car longitudinally. No lateral relative motion.
31.0,20035.0,Front-right,117.59,-74.28,113.09,-72.67,-6.7,-0.0,-0.27,0.54,16.89,inf,Obstacle is driving toward the ego car longitudinally. No lateral relative motion.
31.0,20039.0,Front-right,112.69,-69.32,108.19,-67.71,-6.7,-0.0,-0.27,0.54,16.16,inf,Obstacle is driving toward the ego car longitudinally. No lateral relative motion.
31.0,20042.0,Rear-left,-18.27,1.63,-13.77,0.02,-21.09,-3.34,-0.29,0.58,inf,0.01,Obstacle is moving away longitudinally. Obstacle is driving toward the ego car laterally from the left.
31.0,20043.0,Front,21.6,0.78,17.09,0.0,-20.48,4.7,-0.28,0.67,0.83,0.0,Obstacle is driving toward the ego car longitudinally. Exact lateral alignment or unknown case.
31.0,20044.0,Front-right,60.72,-18.41,56.21,-16.8,-18.46,7.62,-0.24,0.76,3.05,2.21,Obstacle is driving toward the ego car longitudinally. Obstacle is driving toward the ego car laterally from the right.
31.0,20045.0,Front-right,156.96,-127.99,152.45,-126.38,-6.7,0.0,-0.27,0.54,22.77,inf,Obstacle is driving toward the ego car longitudinally. No lateral relative motion.
31.0,20047.0,Front-right,152.56,-133.41,148.05,-131.8,-6.7,0.0,-0.27,0.54,22.11,inf,Obstacle is driving toward the ego car longitudinally. No lateral relative motion.
31.0,20049.0,Front-right,144.46,-143.38,139.95,-141.77,-6.7,0.0,-0.27,0.54,20.9,inf,Obstacle is driving toward the ego car longitudinally. No lateral relative motion.
31.0,20050.0,Front-right,138.83,-150.32,134.32,-148.71,-6.7,0.0,-0.27,0.54,20.06,inf,Obstacle is driving toward the ego car longitudinally. No lateral relative motion.
31.0,20051.0,Front-right,134.42,-155.74,129.91,-154.13,-6.7,0.0,-0.27,0.54,19.4,inf,Obstacle is driving toward the ego car longitudinally. No lateral relative motion.
31.0,20052.0,Front-right,130.02,-161.16,125.51,-159.55,-6.7,0.0,-0.27,0.54,18.74,inf,Obstacle is driving toward the ego car longitudinally. No lateral relative motion.
31.0,20053.0,Front-right,125.61,-166.59,121.1,-164.98,-6.69,0.01,-0.53,0.61,18.1,24714.29,Obstacle is driving toward the ego car longitudinally. Obstacle is driving toward the ego car laterally from the right.
31.0,20054.0,Front-right,96.1,-52.67,91.59,-51.06,-2.29,-4.25,0.39,2.54,39.92,inf,Obstacle is driving toward the ego car longitudinally. Obstacle is moving away laterally to the right.
31.0,20055.0,Front-right,117.16,-176.99,112.65,-175.38,-6.18,0.64,-0.99,0.71,18.24,273.64,Obstacle is driving toward the ego car longitudinally. Obstacle is driving toward the ego car laterally from the right.
31.0,20056.0,Front-right,110.3,-185.44,105.79,-183.83,-5.72,1.21,-0.39,0.57,18.5,152.53,Obstacle is driving toward the ego car longitudinally. Obstacle is driving toward the ego car laterally from the right.
31.0,20057.0,Front-right,172.26,-103.88,167.76,-102.27,-6.7,-0.0,-0.27,0.54,25.05,inf,Obstacle is driving toward the ego car longitudinally. No lateral relative motion.
31.0,20058.0,Front-right,104.56,-192.5,100.05,-190.89,-5.88,1.0,-0.03,0.49,17.01,190.74,Obstacle is driving toward the ego car longitudinally. Obstacle is driving toward the ego car laterally from the right.
31.0,20059.0,Front-right,79.71,-37.51,75.21,-35.9,0.94,-6.45,0.26,2.62,inf,inf,Obstacle is moving away longitudinally. Obstacle is moving away laterally to the right.
31.0,20060.0,Front-right,177.66,-97.51,173.15,-95.9,-7.81,-1.31,1.22,0.17,22.18,inf,Obstacle is driving toward the ego car longitudinally. Obstacle is moving away laterally to the right.
31.0,20061.0,Front-right,99.31,-198.97,94.8,-197.36,-6.09,0.74,-0.28,0.55,15.56,265.46,Obstacle is driving toward the ego car longitudinally. Obstacle is driving toward the ego car laterally from the right.
31.0,20062.0,Front-right,61.71,-23.37,57.2,-21.76,3.37,-7.18,-0.1,1.56,inf,inf,Obstacle is moving away longitudinally. Obstacle is moving away laterally to the right.
31.0,20063.0,Front-right,40.1,-10.43,35.59,-8.82,4.75,-5.94,-0.27,0.31,inf,inf,Obstacle is moving away longitudinally. Obstacle is moving away laterally to the right.
31.0,20064.0,Front-right,93.66,-205.92,89.15,-204.31,-5.37,1.64,-1.3,0.79,16.61,124.81,Obstacle is driving toward the ego car longitudinally. Obstacle is driving toward the ego car laterally from the right.
31.0,20066.0,Front-right,79.74,-223.06,75.23,-221.45,-1.25,6.7,-2.69,1.11,60.05,33.04,Obstacle is driving toward the ego car longitudinally. Obstacle is driving toward the ego car laterally from the right.
32.0,20003.0,Front-right,153.01,-106.9,148.5,-105.29,-6.81,-0.0,-0.22,0.45,21.8,inf,Obstacle is driving toward the ego car longitudinally. No lateral relative motion.
32.0,20007.0,Front-right,147.73,-102.35,143.22,-100.74,-6.81,-0.0,-0.22,0.45,21.03,inf,Obstacle is driving toward the ego car longitudinally. No lateral relative motion.
32.0,20013.0,Front-right,142.56,-97.65,138.05,-96.04,-6.81,-0.0,-0.22,0.45,20.27,inf,Obstacle is driving toward the ego car longitudinally. No lateral relative motion.
32.0,20017.0,Front-right,137.44,-92.9,132.94,-91.29,-6.81,-0.0,-0.22,0.45,19.52,inf,Obstacle is driving toward the ego car longitudinally. No lateral relative motion.
32.0,20019.0,Front-right,132.41,-88.06,127.9,-86.45,-6.81,-0.0,-0.22,0.45,18.78,inf,Obstacle is driving toward the ego car longitudinally. No lateral relative motion.
32.0,20021.0,Front-right,127.4,-83.2,122.89,-81.59,-6.81,-0.0,-0.22,0.45,18.04,inf,Obstacle is driving toward the ego car longitudinally. No lateral relative motion.
32.0,20025.0,Front-right,122.46,-78.27,117.95,-76.66,-6.81,-0.0,-0.22,0.45,17.32,inf,Obstacle is driving toward the ego car longitudinally. No lateral relative motion.
32.0,20035.0,Front-right,117.52,-73.34,113.01,-71.73,-6.81,-0.0,-0.22,0.45,16.59,inf,Obstacle is driving toward the ego car longitudinally. No lateral relative motion.
32.0,20039.0,Front-right,112.58,-68.42,108.07,-66.81,-6.81,-0.0,-0.22,0.45,15.87,inf,Obstacle is driving toward the ego car longitudinally. No lateral relative motion.
32.0,20042.0,Behind,-20.39,1.14,-15.88,0.0,-21.18,-3.45,-0.24,0.48,inf,0.0,Obstacle is moving away longitudinally. Exact lateral alignment or unknown case.
32.0,20043.0,Front,19.51,1.37,15.0,0.0,-20.87,3.86,-0.24,0.57,0.72,0.0,Obstacle is driving toward the ego car longitudinally. Exact lateral alignment or unknown case.
32.0,20044.0,Front-right,59.0,-17.16,54.49,-15.55,-18.65,7.53,-0.19,0.64,2.92,2.06,Obstacle is driving toward the ego car longitudinally. Obstacle is driving toward the ego car laterally from the right.
32.0,20045.0,Front-right,157.31,-126.74,152.8,-125.13,-6.81,0.0,-0.22,0.45,22.43,inf,Obstacle is driving toward the ego car longitudinally. No lateral relative motion.
32.0,20047.0,Front-right,152.95,-132.2,148.44,-130.59,-6.81,0.0,-0.22,0.45,21.79,inf,Obstacle is driving toward the ego car longitudinally. No lateral relative motion.
32.0,20049.0,Front-right,144.93,-142.23,140.42,-140.62,-6.81,0.0,-0.22,0.45,20.62,inf,Obstacle is driving toward the ego car longitudinally. No lateral relative motion.
32.0,20050.0,Front-right,139.35,-149.21,134.85,-147.6,-6.81,0.0,-0.22,0.45,19.8,inf,Obstacle is driving toward the ego car longitudinally. No lateral relative motion.
32.0,20051.0,Front-right,134.99,-154.67,130.48,-153.06,-6.81,0.0,-0.22,0.45,19.16,inf,Obstacle is driving toward the ego car longitudinally. No lateral relative motion.
32.0,20052.0,Front-right,130.63,-160.12,126.12,-158.51,-6.81,0.0,-0.22,0.45,18.52,inf,Obstacle is driving toward the ego car longitudinally. No lateral relative motion.
32.0,20053.0,Front-right,126.26,-165.59,121.75,-163.98,-6.81,0.0,-0.22,0.45,17.88,inf,Obstacle is driving toward the ego car longitudinally. No lateral relative motion.
32.0,20054.0,Front-right,96.28,-52.32,91.78,-50.71,-2.53,-4.07,0.44,2.45,36.3,inf,Obstacle is driving toward the ego car longitudinally. Obstacle is moving away laterally to the right.
32.0,20055.0,Front-right,117.95,-176.0,113.44,-174.39,-6.34,0.59,-0.94,0.62,17.89,296.92,Obstacle is driving toward the ego car longitudinally. Obstacle is driving toward the ego car laterally from the right.
32.0,20056.0,Front-right,111.2,-184.44,106.69,-182.83,-5.85,1.2,-0.34,0.48,18.24,152.0,Obstacle is driving toward the ego car longitudinally. Obstacle is driving toward the ego car laterally from the right.
32.0,20057.0,Front-right,172.42,-102.51,167.91,-100.9,-6.81,-0.0,-0.22,0.45,24.65,inf,Obstacle is driving toward the ego car longitudinally. No lateral relative motion.
32.0,20058.0,Front-right,105.5,-191.56,100.99,-189.95,-5.99,1.03,0.02,0.39,16.86,185.09,Obstacle is driving toward the ego car longitudinally. Obstacle is driving toward the ego car laterally from the right.
32.0,20059.0,Front-right,80.11,-37.51,75.6,-35.9,0.71,-6.25,0.31,2.52,inf,inf,Obstacle is moving away longitudinally. Obstacle is moving away laterally to the right.
32.0,20060.0,Front-right,177.66,-96.22,173.15,-94.61,-7.81,-1.2,1.27,0.07,22.16,inf,Obstacle is driving toward the ego car longitudinally. Obstacle is moving away laterally to the right.
32.0,20061.0,Front-right,100.28,-198.1,95.77,-196.49,-6.21,0.75,-0.23,0.45,15.41,263.1,Obstacle is driving toward the ego car longitudinally. Obstacle is driving toward the ego car laterally from the right.
32.0,20062.0,Front-right,62.23,-23.58,57.73,-21.97,3.22,-7.04,-0.05,1.46,inf,inf,Obstacle is moving away longitudinally. Obstacle is moving away laterally to the right.
32.0,20063.0,Front-right,40.67,-10.7,36.16,-9.09,4.7,-5.86,-0.22,0.21,inf,inf,Obstacle is moving away longitudinally. Obstacle is moving away laterally to the right.
32.0,20064.0,Front-right,94.76,-205.01,90.25,-203.4,-5.56,1.56,-1.25,0.69,16.23,130.02,Obstacle is driving toward the ego car longitudinally. Obstacle is driving toward the ego car laterally from the right.
32.0,20066.0,Front-right,81.38,-221.75,76.87,-220.14,-1.58,6.55,-2.64,1.01,48.76,33.6,Obstacle is driving toward the ego car longitudinally. Obstacle is driving toward the ego car laterally from the right.
33.0,20003.0,Front-right,152.72,-106.34,148.21,-104.73,-6.85,-0.0,-0.04,0.08,21.64,inf,Obstacle is driving toward the ego car longitudinally. No lateral relative motion.
33.0,20007.0,Front-right,147.42,-101.81,142.91,-100.2,-6.85,-0.0,-0.04,0.08,20.87,inf,Obstacle is driving toward the ego car longitudinally. No lateral relative motion.
33.0,20013.0,Front-right,142.23,-97.14,137.73,-95.53,-6.85,-0.0,-0.04,0.08,20.11,inf,Obstacle is driving toward the ego car longitudinally. No lateral relative motion.
33.0,20017.0,Front-right,137.11,-92.4,132.6,-90.79,-6.85,-0.0,-0.04,0.08,19.36,inf,Obstacle is driving toward the ego car longitudinally. No lateral relative motion.
33.0,20019.0,Front-right,132.06,-87.58,127.55,-85.97,-6.85,-0.0,-0.04,0.08,18.63,inf,Obstacle is driving toward the ego car longitudinally. No lateral relative motion.
33.0,20021.0,Front-right,127.03,-82.74,122.52,-81.13,-6.85,-0.0,-0.04,0.08,17.89,inf,Obstacle is driving toward the ego car longitudinally. No lateral relative motion.
33.0,20025.0,Front-right,122.07,-77.83,117.56,-76.22,-6.85,-0.0,-0.04,0.08,17.17,inf,Obstacle is driving toward the ego car longitudinally. No lateral relative motion.
33.0,20035.0,Front-right,117.11,-72.92,112.6,-71.31,-6.85,-0.0,-0.04,0.08,16.44,inf,Obstacle is driving toward the ego car longitudinally. No lateral relative motion.
33.0,20039.0,Front-right,112.15,-68.01,107.64,-66.4,-6.85,-0.0,-0.04,0.08,15.72,inf,Obstacle is driving toward the ego car longitudinally. No lateral relative motion.
33.0,20042.0,Behind,-22.51,0.71,-18.01,0.0,-21.21,-3.51,-0.06,0.11,inf,0.0,Obstacle is moving away longitudinally. Exact lateral alignment or unknown case.
33.0,20043.0,Front-left,17.4,1.83,12.89,0.22,-20.93,3.82,-0.06,0.2,0.62,inf,Obstacle is driving toward the ego car longitudinally. Obstacle is moving away laterally to the left.
33.0,20044.0,Front-right,57.17,-16.18,52.67,-14.57,-18.73,7.5,-0.01,0.26,2.81,1.94,Obstacle is driving toward the ego car longitudinally. Obstacle is driving toward the ego car laterally from the right.
33.0,20045.0,Front-right,157.09,-126.17,152.58,-124.56,-6.85,0.0,-0.04,0.08,22.28,inf,Obstacle is driving toward the ego car longitudinally. No lateral relative motion.
33.0,20047.0,Front-right,152.75,-131.64,148.24,-130.03,-6.85,0.0,-0.04,0.08,21.65,inf,Obstacle is driving toward the ego car longitudinally. No lateral relative motion.
33.0,20049.0,Front-right,144.77,-141.7,140.27,-140.09,-6.85,0.0,-0.04,0.08,20.48,inf,Obstacle is driving toward the ego car longitudinally. No lateral relative motion.
33.0,20050.0,Front-right,139.22,-148.7,134.71,-147.09,-6.85,0.0,-0.04,0.08,19.67,inf,Obstacle is driving toward the ego car longitudinally. No lateral relative motion.
33.0,20051.0,Front-right,134.88,-154.17,130.37,-152.56,-6.85,0.0,-0.04,0.08,19.04,inf,Obstacle is driving toward the ego car longitudinally. No lateral relative motion.
33.0,20052.0,Front-right,130.54,-159.65,126.03,-158.04,-6.85,0.0,-0.04,0.08,18.41,inf,Obstacle is driving toward the ego car longitudinally. No lateral relative motion.
33.0,20053.0,Front-right,126.19,-165.13,121.68,-163.52,-6.85,0.0,-0.04,0.08,17.77,inf,Obstacle is driving toward the ego car longitudinally. No lateral relative motion.
33.0,20054.0,Front-right,96.22,-52.37,91.71,-50.76,-2.7,-3.91,0.61,2.08,33.94,inf,Obstacle is driving toward the ego car longitudinally. Obstacle is moving away laterally to the right.
33.0,20055.0,Front-right,117.95,-175.51,113.45,-173.9,-6.43,0.53,-0.76,0.24,17.65,327.47,Obstacle is driving toward the ego car longitudinally. Obstacle is driving toward the ego car laterally from the right.
33.0,20056.0,Front-right,111.29,-183.91,106.78,-182.3,-5.9,1.2,-0.16,0.11,18.1,152.39,Obstacle is driving toward the ego car longitudinally. Obstacle is driving toward the ego car laterally from the right.
33.0,20057.0,Front-right,172.12,-101.89,167.61,-100.28,-6.85,-0.0,-0.04,0.08,24.48,inf,Obstacle is driving toward the ego car longitudinally. No lateral relative motion.
33.0,20058.0,Front-right,105.61,-191.08,101.1,-189.47,-6.02,1.05,0.2,0.02,16.81,180.71,Obstacle is driving toward the ego car longitudinally. Obstacle is driving toward the ego car laterally from the right.
33.0,20059.0,Front-right,80.31,-37.83,75.8,-36.22,0.31,-6.35,0.56,2.13,inf,inf,Obstacle is moving away longitudinally. Obstacle is moving away laterally to the right.
33.0,20060.0,Front-right,177.24,-95.69,172.73,-94.08,-7.75,-1.09,1.45,-0.3,22.29,inf,Obstacle is driving toward the ego car longitudinally. Obstacle is moving away laterally to the right.
33.0,20061.0,Front-right,100.38,-197.66,95.88,-196.05,-6.25,0.75,-0.05,0.08,15.33,262.21,Obstacle is driving toward the ego car longitudinally. Obstacle is driving toward the ego car laterally from the right.
33.0,20062.0,Front-right,62.65,-24.05,58.14,-22.44,3.13,-6.94,0.13,1.09,inf,inf,Obstacle is moving away longitudinally. Obstacle is moving away laterally to the right.
33.0,20063.0,Front-right,41.19,-11.13,36.68,-9.52,4.71,-5.83,-0.04,-0.16,inf,inf,Obstacle is moving away longitudinally. Obstacle is moving away laterally to the right.
33.0,20064.0,Front-right,94.95,-204.51,90.44,-202.9,-5.67,1.49,-1.07,0.32,15.95,136.57,Obstacle is driving toward the ego car longitudinally. Obstacle is driving toward the ego car laterally from the right.
33.0,20066.0,Front-right,82.02,-220.81,77.51,-219.2,-1.79,6.38,-2.46,0.64,43.28,34.38,Obstacle is driving toward the ego car longitudinally. Obstacle is driving toward the ego car laterally from the right.
34.0,20003.0,Front-right,152.77,-105.28,148.26,-103.67,-6.86,-0.0,0.02,-0.04,21.62,inf,Obstacle is driving toward the ego car longitudinally. No lateral relative motion.
34.0,20007.0,Front-right,147.44,-100.79,142.93,-99.18,-6.86,-0.0,0.02,-0.04,20.84,inf,Obstacle is driving toward the ego car longitudinally. No lateral relative motion.
34.0,20013.0,Front-right,142.22,-96.15,137.71,-94.54,-6.86,-0.0,0.02,-0.04,20.08,inf,Obstacle is driving toward the ego car longitudinally. No lateral relative motion.
34.0,20017.0,Front-right,137.06,-91.45,132.55,-89.84,-6.86,-0.0,0.02,-0.04,19.33,inf,Obstacle is driving toward the ego car longitudinally. No lateral relative motion.
34.0,20019.0,Front-right,131.97,-86.67,127.47,-85.06,-6.86,-0.0,0.02,-0.04,18.59,inf,Obstacle is driving toward the ego car longitudinally. No lateral relative motion.
34.0,20021.0,Front-right,126.91,-81.86,122.4,-80.25,-6.86,-0.0,0.02,-0.04,17.85,inf,Obstacle is driving toward the ego car longitudinally. No lateral relative motion.
34.0,20025.0,Front-right,121.92,-76.98,117.41,-75.37,-6.86,-0.0,0.02,-0.04,17.12,inf,Obstacle is driving toward the ego car longitudinally. No lateral relative motion.
34.0,20035.0,Front-right,116.92,-72.11,112.42,-70.5,-6.86,-0.0,0.02,-0.04,16.39,inf,Obstacle is driving toward the ego car longitudinally. No lateral relative motion.
34.0,20039.0,Front-right,111.93,-67.23,107.43,-65.62,-6.86,-0.0,0.02,-0.04,15.67,inf,Obstacle is driving toward the ego car longitudinally. No lateral relative motion.
34.0,20042.0,Behind,-24.64,0.19,-20.13,0.0,-21.2,-3.6,-0.01,-0.01,inf,0.0,Obstacle is moving away longitudinally. Exact lateral alignment or unknown case.
34.0,20043.0,Front-left,15.27,2.33,10.77,0.72,-20.98,3.72,-0.01,0.09,0.51,inf,Obstacle is driving toward the ego car longitudinally. Obstacle is moving away laterally to the left.
34.0,20044.0,Front-right,55.39,-15.03,50.88,-13.42,-18.81,7.43,0.04,0.15,2.71,1.81,Obstacle is driving toward the ego car longitudinally. Obstacle is driving toward the ego car laterally from the right.
34.0,20045.0,Front-right,157.27,-125.08,152.77,-123.47,-6.86,0.0,0.02,-0.04,22.28,inf,Obstacle is driving toward the ego car longitudinally. No lateral relative motion.
34.0,20047.0,Front-right,152.97,-130.58,148.47,-128.97,-6.86,0.0,0.02,-0.04,21.65,inf,Obstacle is driving toward the ego car longitudinally. No lateral relative motion.
34.0,20049.0,Front-right,145.06,-140.7,140.56,-139.09,-6.86,0.0,0.02,-0.04,20.5,inf,Obstacle is driving toward the ego car longitudinally. No lateral relative motion.
34.0,20050.0,Front-right,139.56,-147.74,135.05,-146.13,-6.86,0.0,0.02,-0.04,19.7,inf,Obstacle is driving toward the ego car longitudinally. No lateral relative motion.
34.0,20051.0,Front-right,135.26,-153.24,130.75,-151.63,-6.86,0.0,0.02,-0.04,19.07,inf,Obstacle is driving toward the ego car longitudinally. No lateral relative motion.
34.0,20052.0,Front-right,130.95,-158.74,126.44,-157.13,-6.86,0.0,0.02,-0.04,18.44,inf,Obstacle is driving toward the ego car longitudinally. No lateral relative motion.
34.0,20053.0,Front-right,126.64,-164.25,122.13,-162.64,-6.86,0.0,0.02,-0.04,17.81,inf,Obstacle is driving toward the ego car longitudinally. No lateral relative motion.
34.0,20054.0,Front-right,96.31,-52.08,91.8,-50.47,-2.83,-3.75,0.65,1.9,32.4,inf,Obstacle is driving toward the ego car longitudinally. Obstacle is moving away laterally to the right.
34.0,20055.0,Front-right,118.52,-174.64,114.01,-173.03,-6.48,0.48,-0.62,0.11,17.59,358.74,Obstacle is driving toward the ego car longitudinally. Obstacle is driving toward the ego car laterally from the right.
34.0,20056.0,Front-right,111.96,-183.02,107.46,-181.41,-5.94,1.17,-0.35,0.05,18.09,154.68,Obstacle is driving toward the ego car longitudinally. Obstacle is driving toward the ego car laterally from the right.
34.0,20057.0,Front-right,172.13,-100.7,167.62,-99.09,-6.86,-0.0,0.02,-0.04,24.45,inf,Obstacle is driving toward the ego car longitudinally. No lateral relative motion.
34.0,20058.0,Front-right,106.32,-190.24,101.81,-188.63,-6.02,1.07,0.22,-0.08,16.91,176.22,Obstacle is driving toward the ego car longitudinally. Obstacle is driving toward the ego car laterally from the right.
34.0,20059.0,Front-right,80.6,-37.9,76.09,-36.29,0.17,-6.15,0.66,2.16,inf,inf,Obstacle is moving away longitudinally. Obstacle is moving away laterally to the right.
34.0,20060.0,Front-right,177.13,-94.57,172.62,-92.96,-7.68,-1.01,1.11,-0.31,22.48,inf,Obstacle is driving toward the ego car longitudinally. Obstacle is moving away laterally to the right.
34.0,20061.0,Front-right,101.12,-196.88,96.61,-195.27,-6.26,0.76,0.12,-0.06,15.43,256.96,Obstacle is driving toward the ego car longitudinally. Obstacle is driving toward the ego car laterally from the right.
34.0,20062.0,Front-right,63.12,-24.31,58.61,-22.7,3.04,-6.79,0.27,1.5,inf,inf,Obstacle is moving away longitudinally. Obstacle is moving away laterally to the right.
34.0,20063.0,Front-right,41.74,-11.42,37.23,-9.81,4.73,-5.75,0.02,0.06,inf,inf,Obstacle is moving away longitudinally. Obstacle is moving away laterally to the right.
34.0,20064.0,Front-right,95.79,-203.7,91.28,-202.09,-5.74,1.43,-0.76,0.14,15.91,141.23,Obstacle is driving toward the ego car longitudinally. Obstacle is driving toward the ego car laterally from the right.
34.0,20066.0,Front-right,83.35,-219.61,78.84,-218.0,-1.99,6.22,-2.34,0.51,39.55,35.05,Obstacle is driving toward the ego car longitudinally. Obstacle is driving toward the ego car laterally from the right.
35.0,20003.0,Front-right,152.34,-104.9,147.84,-103.29,-6.84,-0.0,0.06,-0.13,21.6,inf,Obstacle is driving toward the ego car longitudinally. No lateral relative motion.
35.0,20007.0,Front-right,147.0,-100.42,142.5,-98.81,-6.84,-0.0,0.06,-0.13,20.82,inf,Obstacle is driving toward the ego car longitudinally. No lateral relative motion.
35.0,20013.0,Front-right,141.77,-95.79,137.27,-94.18,-6.84,-0.0,0.06,-0.13,20.06,inf,Obstacle is driving toward the ego car longitudinally. No lateral relative motion.
35.0,20017.0,Front-right,136.6,-91.11,132.09,-89.5,-6.84,-0.0,0.06,-0.13,19.3,inf,Obstacle is driving toward the ego car longitudinally. No lateral relative motion.
35.0,20019.0,Front-right,131.51,-86.34,127.0,-84.73,-6.84,-0.0,0.06,-0.13,18.56,inf,Obstacle is driving toward the ego car longitudinally. No lateral relative motion.
35.0,20021.0,Front-right,126.43,-81.54,121.92,-79.93,-6.84,-0.0,0.06,-0.13,17.82,inf,Obstacle is driving toward the ego car longitudinally. No lateral relative motion.
35.0,20025.0,Front-right,121.43,-76.68,116.92,-75.07,-6.84,-0.0,0.06,-0.13,17.09,inf,Obstacle is driving toward the ego car longitudinally. No lateral relative motion.
35.0,20035.0,Front-right,116.42,-71.81,111.91,-70.2,-6.84,-0.0,0.06,-0.13,16.35,inf,Obstacle is driving toward the ego car longitudinally. No lateral relative motion.
35.0,20039.0,Front-right,111.42,-66.95,106.91,-65.34,-6.84,-0.0,0.06,-0.13,15.62,inf,Obstacle is driving toward the ego car longitudinally. No lateral relative motion.
35.0,20042.0,Behind,-26.75,-0.27,-22.25,0.0,-21.06,-4.07,0.04,-0.11,inf,0.0,Obstacle is moving away longitudinally. Exact lateral alignment or unknown case.
35.0,20043.0,Front-left,13.15,2.74,8.64,1.13,-20.99,3.69,0.04,-0.01,0.41,inf,Obstacle is driving toward the ego car longitudinally. Obstacle is moving away laterally to the left.
35.0,20044.0,Front-right,53.52,-14.14,49.01,-12.53,-18.83,7.41,0.08,0.05,2.6,1.69,Obstacle is driving toward the ego car longitudinally. Obstacle is driving toward the ego car laterally from the right.
35.0,20045.0,Front-right,156.9,-124.69,152.4,-123.08,-6.84,0.0,0.06,-0.13,22.27,inf,Obstacle is driving toward the ego car longitudinally. No lateral relative motion.
35.0,20047.0,Front-right,152.62,-130.2,148.11,-128.59,-6.84,0.0,0.06,-0.13,21.64,inf,Obstacle is driving toward the ego car longitudinally. No lateral relative motion.
35.0,20049.0,Front-right,144.73,-140.33,140.22,-138.72,-6.84,0.0,0.06,-0.13,20.49,inf,Obstacle is driving toward the ego car longitudinally. No lateral relative motion.
35.0,20050.0,Front-right,139.24,-147.38,134.74,-145.77,-6.84,0.0,0.06,-0.13,19.69,inf,Obstacle is driving toward the ego car longitudinally. No lateral relative motion.
35.0,20051.0,Front-right,134.96,-152.9,130.45,-151.29,-6.84,0.0,0.06,-0.13,19.06,inf,Obstacle is driving toward the ego car longitudinally. No lateral relative motion.
35.0,20052.0,Front-right,130.66,-158.41,126.16,-156.8,-6.84,0.0,0.06,-0.13,18.44,inf,Obstacle is driving toward the ego car longitudinally. No lateral relative motion.
35.0,20053.0,Front-right,126.37,-163.93,121.86,-162.32,-6.84,0.0,0.06,-0.13,17.81,inf,Obstacle is driving toward the ego car longitudinally. No lateral relative motion.
35.0,20054.0,Front-right,96.15,-52.21,91.64,-50.6,-2.96,-3.6,0.69,1.8,30.97,inf,Obstacle is driving toward the ego car longitudinally. Obstacle is moving away laterally to the right.
35.0,20055.0,Front-right,118.31,-174.3,113.8,-172.69,-6.51,0.43,-0.58,0.01,17.49,400.2,Obstacle is driving toward the ego car longitudinally. Obstacle is driving toward the ego car laterally from the right.
35.0,20056.0,Front-right,111.83,-182.62,107.32,-181.01,-5.95,1.15,-0.31,-0.05,18.03,158.09,Obstacle is driving toward the ego car longitudinally. Obstacle is driving toward the ego car laterally from the right.
35.0,20057.0,Front-right,171.7,-100.26,167.19,-98.65,-6.84,-0.0,0.06,-0.13,24.43,inf,Obstacle is driving toward the ego car longitudinally. No lateral relative motion.
35.0,20058.0,Front-right,106.2,-189.86,101.69,-188.25,-6.0,1.09,0.26,-0.18,16.96,172.91,Obstacle is driving toward the ego car longitudinally. Obstacle is driving toward the ego car laterally from the right.
35.0,20059.0,Front-right,80.71,-38.3,76.2,-36.69,0.03,-5.98,0.7,2.07,inf,inf,Obstacle is moving away longitudinally. Obstacle is moving away laterally to the right.
35.0,20060.0,Front-right,176.6,-94.22,172.09,-92.61,-7.59,-0.92,1.16,-0.41,22.67,inf,Obstacle is driving toward the ego car longitudinally. Obstacle is moving away laterally to the right.
35.0,20061.0,Front-right,100.99,-196.55,96.48,-194.94,-6.24,0.77,0.16,-0.16,15.45,253.29,Obstacle is driving toward the ego car longitudinally. Obstacle is driving toward the ego car laterally from the right.
35.0,20062.0,Front-right,63.48,-24.82,58.97,-23.21,2.94,-6.68,0.32,1.4,inf,inf,Obstacle is moving away longitudinally. Obstacle is moving away laterally to the right.
35.0,20063.0,Front-right,42.24,-11.89,37.73,-10.28,4.75,-5.71,0.06,-0.03,inf,inf,Obstacle is moving away longitudinally. Obstacle is moving away laterally to the right.
35.0,20064.0,Front-right,95.73,-203.32,91.22,-201.71,-5.78,1.37,-0.71,0.05,15.79,147.15,Obstacle is driving toward the ego car longitudinally. Obstacle is driving toward the ego car laterally from the right.
35.0,20066.0,Front-right,83.69,-218.78,79.19,-217.17,-2.14,6.04,-2.3,0.41,36.93,35.95,Obstacle is driving toward the ego car longitudinally. Obstacle is driving toward the ego car laterally from the right.
36.0,20003.0,Front-right,151.26,-105.47,146.75,-103.86,-6.75,-0.0,0.35,-0.76,21.73,inf,Obstacle is driving toward the ego car longitudinally. No lateral relative motion.
36.0,20007.0,Front-right,145.94,-100.97,141.43,-99.36,-6.75,-0.0,0.35,-0.76,20.94,inf,Obstacle is driving toward the ego car longitudinally. No lateral relative motion.
36.0,20013.0,Front-right,140.73,-96.33,136.22,-94.72,-6.75,-0.0,0.35,-0.76,20.17,inf,Obstacle is driving toward the ego car longitudinally. No lateral relative motion.
36.0,20017.0,Front-right,135.57,-91.62,131.06,-90.01,-6.75,-0.0,0.35,-0.76,19.41,inf,Obstacle is driving toward the ego car longitudinally. No lateral relative motion.
36.0,20019.0,Front-right,130.49,-86.83,125.99,-85.22,-6.75,-0.0,0.35,-0.76,18.66,inf,Obstacle is driving toward the ego car longitudinally. No lateral relative motion.
36.0,20021.0,Front-right,125.44,-82.02,120.93,-80.41,-6.75,-0.0,0.35,-0.76,17.91,inf,Obstacle is driving toward the ego car longitudinally. No lateral relative motion.
36.0,20025.0,Front-right,120.45,-77.14,115.94,-75.53,-6.75,-0.0,0.35,-0.76,17.17,inf,Obstacle is driving toward the ego car longitudinally. No lateral relative motion.
36.0,20035.0,Front-right,115.46,-72.25,110.95,-70.64,-6.75,-0.0,0.35,-0.76,16.43,inf,Obstacle is driving toward the ego car longitudinally. No lateral relative motion.
36.0,20039.0,Front-right,110.48,-67.37,105.97,-65.76,-6.75,-0.0,0.35,-0.76,15.69,inf,Obstacle is driving toward the ego car longitudinally. No lateral relative motion.
36.0,20042.0,Behind,-28.87,-0.58,-24.36,0.0,-20.99,-4.02,0.33,-0.73,inf,0.0,Obstacle is moving away longitudinally. Exact lateral alignment or unknown case.
36.0,20043.0,Front-left,11.04,3.05,6.53,1.44,-21.14,2.61,0.33,-0.65,0.31,inf,Obstacle is driving toward the ego car longitudinally. Obstacle is moving away laterally to the left.
36.0,20044.0,Front-right,51.56,-13.58,47.06,-11.97,-18.72,7.46,0.37,-0.57,2.51,1.6,Obstacle is driving toward the ego car longitudinally. Obstacle is driving toward the ego car laterally from the right.
36.0,20045.0,Front-right,155.75,-125.28,151.24,-123.67,-6.75,0.0,0.35,-0.76,22.4,inf,Obstacle is driving toward the ego car longitudinally. No lateral relative motion.
36.0,20047.0,Front-right,151.44,-130.77,146.93,-129.16,-6.75,0.0,0.35,-0.76,21.76,inf,Obstacle is driving toward the ego car longitudinally. No lateral relative motion.
36.0,20049.0,Front-right,143.52,-140.88,139.01,-139.27,-6.75,0.0,0.35,-0.76,20.59,inf,Obstacle is driving toward the ego car longitudinally. No lateral relative motion.
36.0,20050.0,Front-right,138.0,-147.91,133.49,-146.3,-6.75,0.0,0.35,-0.76,19.77,inf,Obstacle is driving toward the ego car longitudinally. No lateral relative motion.
36.0,20051.0,Front-right,133.69,-153.41,129.18,-151.8,-6.75,0.0,0.35,-0.76,19.13,inf,Obstacle is driving toward the ego car longitudinally. No lateral relative motion.
36.0,20052.0,Front-right,129.38,-158.91,124.87,-157.3,-6.75,0.0,0.35,-0.76,18.49,inf,Obstacle is driving toward the ego car longitudinally. No lateral relative motion.
36.0,20053.0,Front-right,125.06,-164.41,120.56,-162.8,-6.75,0.0,0.35,-0.76,17.85,inf,Obstacle is driving toward the ego car longitudinally. No lateral relative motion.
36.0,20054.0,Front-right,95.64,-52.93,91.14,-51.32,-3.03,-3.47,0.98,1.18,30.07,inf,Obstacle is driving toward the ego car longitudinally. Obstacle is moving away laterally to the right.
36.0,20055.0,Front-right,117.0,-174.7,112.49,-173.09,-6.46,0.38,-0.29,-0.61,17.42,457.08,Obstacle is driving toward the ego car longitudinally. Obstacle is driving toward the ego car laterally from the right.
36.0,20056.0,Front-right,110.54,-182.93,106.03,-181.32,-5.88,1.11,-0.02,-0.67,18.03,163.11,Obstacle is driving toward the ego car longitudinally. Obstacle is driving toward the ego car laterally from the right.
36.0,20057.0,Front-right,170.63,-100.91,166.13,-99.3,-6.75,-0.0,0.35,-0.76,24.6,inf,Obstacle is driving toward the ego car longitudinally. No lateral relative motion.
36.0,20058.0,Front-right,104.88,-190.15,100.37,-188.54,-5.89,1.1,0.55,-0.8,17.04,171.12,Obstacle is driving toward the ego car longitudinally. Obstacle is driving toward the ego car laterally from the right.
36.0,20059.0,Front-right,80.55,-39.2,76.04,-37.59,-0.08,-5.86,0.99,1.45,1004.4,inf,Obstacle is driving toward the ego car longitudinally. Obstacle is moving away laterally to the right.
36.0,20060.0,Front-right,175.49,-94.97,170.98,-93.36,-7.43,-0.83,1.45,-1.03,23.0,inf,Obstacle is driving toward the ego car longitudinally. Obstacle is moving away laterally to the right.
36.0,20061.0,Front-right,99.62,-196.86,95.12,-195.25,-6.14,0.78,0.45,-0.78,15.48,251.75,Obstacle is driving toward the ego car longitudinally. Obstacle is driving toward the ego car laterally from the right.
36.0,20062.0,Front-right,63.66,-25.74,59.16,-24.13,2.59,-7.03,0.67,0.77,inf,inf,Obstacle is moving away longitudinally. Obstacle is moving away laterally to the right.
36.0,20063.0,Front-right,42.67,-12.62,38.16,-11.01,4.81,-5.75,0.35,-0.66,inf,inf,Obstacle is moving away longitudinally. Obstacle is moving away laterally to the right.
36.0,20064.0,Front-right,94.38,-203.55,89.87,-201.94,-5.73,1.3,-0.42,-0.57,15.68,154.86,Obstacle is driving toward the ego car longitudinally. Obstacle is driving toward the ego car laterally from the right.
36.0,20066.0,Front-right,82.65,-218.5,78.14,-216.89,-2.18,5.83,-2.01,-0.21,35.84,37.19,Obstacle is driving toward the ego car longitudinally. Obstacle is driving toward the ego car laterally from the right.
37.0,20003.0,Front-right,151.98,-103.44,147.47,-101.83,-6.53,-0.0,0.59,-1.32,22.59,inf,Obstacle is driving toward the ego car longitudinally. No lateral relative motion.
37.0,20007.0,Front-right,146.59,-99.01,142.09,-97.4,-6.53,-0.0,0.59,-1.32,21.77,inf,Obstacle is driving toward the ego car longitudinally. No lateral relative motion.
37.0,20013.0,Front-right,141.32,-94.44,136.81,-92.83,-6.53,-0.0,0.59,-1.32,20.96,inf,Obstacle is driving toward the ego car longitudinally. No lateral relative motion.
37.0,20017.0,Front-right,136.1,-89.8,131.59,-88.19,-6.53,-0.0,0.59,-1.32,20.16,inf,Obstacle is driving toward the ego car longitudinally. No lateral relative motion.
37.0,20019.0,Front-right,130.96,-85.08,126.45,-83.47,-6.53,-0.0,0.59,-1.32,19.37,inf,Obstacle is driving toward the ego car longitudinally. No lateral relative motion.
37.0,20021.0,Front-right,125.84,-80.33,121.33,-78.72,-6.53,-0.0,0.59,-1.32,18.59,inf,Obstacle is driving toward the ego car longitudinally. No lateral relative motion.
37.0,20025.0,Front-right,120.79,-75.52,116.28,-73.91,-6.53,-0.0,0.59,-1.32,17.82,inf,Obstacle is driving toward the ego car longitudinally. No lateral relative motion.
37.0,20035.0,Front-right,115.74,-70.7,111.23,-69.09,-6.53,-0.0,0.59,-1.32,17.04,inf,Obstacle is driving toward the ego car longitudinally. No lateral relative motion.
37.0,20039.0,Front-right,110.69,-65.89,106.18,-64.28,-6.53,-0.0,0.59,-1.32,16.27,inf,Obstacle is driving toward the ego car longitudinally. No lateral relative motion.
37.0,20042.0,Behind,-30.96,-1.38,-26.46,0.0,-20.72,-4.21,0.57,-1.29,inf,0.0,Obstacle is moving away longitudinally. Exact lateral alignment or unknown case.
37.0,20043.0,Front-left,8.85,3.44,4.34,1.83,-20.96,2.42,0.57,-1.21,0.21,inf,Obstacle is driving toward the ego car longitudinally. Obstacle is moving away laterally to the left.
37.0,20044.0,Front-right,49.8,-12.2,45.3,-10.59,-18.94,6.74,0.6,-1.16,2.39,1.57,Obstacle is driving toward the ego car longitudinally. Obstacle is driving toward the ego car laterally from the right.
37.0,20045.0,Front-right,156.73,-123.19,152.22,-121.58,-6.53,0.0,0.59,-1.32,23.32,inf,Obstacle is driving toward the ego car longitudinally. No lateral relative motion.
37.0,20047.0,Front-right,152.49,-128.74,147.98,-127.13,-6.53,0.0,0.59,-1.32,22.67,inf,Obstacle is driving toward the ego car longitudinally. No lateral relative motion.
37.0,20049.0,Front-right,144.71,-138.95,140.2,-137.34,-6.53,0.0,0.59,-1.32,21.48,inf,Obstacle is driving toward the ego car longitudinally. No lateral relative motion.
37.0,20050.0,Front-right,139.29,-146.05,134.78,-144.44,-6.53,0.0,0.59,-1.32,20.65,inf,Obstacle is driving toward the ego car longitudinally. No lateral relative motion.
37.0,20051.0,Front-right,135.05,-151.61,130.54,-150.0,-6.53,0.0,0.59,-1.32,20.0,inf,Obstacle is driving toward the ego car longitudinally. No lateral relative motion.
37.0,20052.0,Front-right,130.81,-157.16,126.3,-155.55,-6.53,0.0,0.59,-1.32,19.35,inf,Obstacle is driving toward the ego car longitudinally. No lateral relative motion.
37.0,20053.0,Front-right,126.57,-162.72,122.06,-161.11,-6.53,0.0,0.59,-1.32,18.7,inf,Obstacle is driving toward the ego car longitudinally. No lateral relative motion.
37.0,20054.0,Front-right,96.03,-51.98,91.52,-50.37,-2.91,-3.29,1.22,0.62,31.45,inf,Obstacle is driving toward the ego car longitudinally. Obstacle is moving away laterally to the right.
37.0,20055.0,Front-right,118.67,-173.09,114.16,-171.48,-6.27,0.33,-0.05,-1.17,18.19,518.77,Obstacle is driving toward the ego car longitudinally. Obstacle is driving toward the ego car laterally from the right.
37.0,20056.0,Front-right,112.38,-181.32,107.87,-179.71,-5.69,1.09,0.22,-1.23,18.95,164.43,Obstacle is driving toward the ego car longitudinally. Obstacle is driving toward the ego car laterally from the right.
37.0,20057.0,Front-right,171.29,-98.62,166.78,-97.01,-6.53,-0.0,0.59,-1.32,25.55,inf,Obstacle is driving toward the ego car longitudinally. No lateral relative motion.
37.0,20058.0,Front-right,106.82,-188.62,102.31,-187.01,-5.67,1.13,0.79,-1.36,18.06,165.54,Obstacle is driving toward the ego car longitudinally. Obstacle is driving toward the ego car laterally from the right.
37.0,20059.0,Front-right,81.05,-38.69,76.55,-37.08,0.05,-5.62,1.23,0.88,inf,inf,Obstacle is moving away longitudinally. Obstacle is moving away laterally to the right.
37.0,20060.0,Front-right,176.0,-92.7,171.49,-91.09,-7.13,-0.75,1.69,-1.59,24.07,inf,Obstacle is driving toward the ego car longitudinally. Obstacle is moving away laterally to the right.
37.0,20061.0,Front-right,101.63,-195.43,97.12,-193.82,-5.92,0.79,0.69,-1.34,16.4,244.75,Obstacle is driving toward the ego car longitudinally. Obstacle is driving toward the ego car laterally from the right.
37.0,20062.0,Front-right,64.26,-25.57,59.75,-23.96,2.78,-6.81,0.91,0.21,inf,inf,Obstacle is moving away longitudinally. Obstacle is moving away laterally to the right.
37.0,20063.0,Front-right,43.3,-12.65,38.79,-11.04,4.82,-6.16,0.6,-1.22,inf,inf,Obstacle is moving away longitudinally. Obstacle is moving away laterally to the right.
37.0,20064.0,Front-right,96.51,-202.14,92.0,-200.53,-5.57,1.25,-0.18,-1.14,16.52,159.89,Obstacle is driving toward the ego car longitudinally. Obstacle is driving toward the ego car laterally from the right.
37.0,20066.0,Front-right,85.32,-216.8,80.82,-215.19,-2.18,5.7,-1.76,-0.77,37.08,37.75,Obstacle is driving toward the ego car longitudinally. Obstacle is driving toward the ego car laterally from the right.
38.0,20003.0,Front-right,153.14,-100.7,148.64,-99.09,-6.19,-0.0,0.76,-1.78,24.01,inf,Obstacle is driving toward the ego car longitudinally. No lateral relative motion.
38.0,20007.0,Front-right,147.68,-96.36,143.17,-94.75,-6.19,-0.0,0.76,-1.78,23.13,inf,Obstacle is driving toward the ego car longitudinally. No lateral relative motion.
38.0,20013.0,Front-right,142.33,-91.89,137.82,-90.28,-6.19,-0.0,0.76,-1.78,22.27,inf,Obstacle is driving toward the ego car longitudinally. No lateral relative motion.
38.0,20017.0,Front-right,137.03,-87.35,132.52,-85.74,-6.19,-0.0,0.76,-1.78,21.41,inf,Obstacle is driving toward the ego car longitudinally. No lateral relative motion.
38.0,20019.0,Front-right,131.8,-82.72,127.29,-81.11,-6.19,-0.0,0.76,-1.78,20.57,inf,Obstacle is driving toward the ego car longitudinally. No lateral relative motion.
38.0,20021.0,Front-right,126.6,-78.06,122.09,-76.45,-6.19,-0.0,0.76,-1.78,19.73,inf,Obstacle is driving toward the ego car longitudinally. No lateral relative motion.
38.0,20025.0,Front-right,121.46,-73.34,116.95,-71.73,-6.19,-0.0,0.76,-1.78,18.9,inf,Obstacle is driving toward the ego car longitudinally. No lateral relative motion.
38.0,20035.0,Front-right,116.32,-68.61,111.81,-67.0,-6.19,-0.0,0.76,-1.78,18.07,inf,Obstacle is driving toward the ego car longitudinally. No lateral relative motion.
38.0,20039.0,Front-right,111.19,-63.89,106.68,-62.28,-6.19,-0.0,0.76,-1.78,17.24,inf,Obstacle is driving toward the ego car longitudinally. No lateral relative motion.
38.0,20042.0,Rear-right,-33.02,-2.39,-28.51,-0.78,-20.3,-4.46,0.74,-1.75,inf,inf,Obstacle is moving away longitudinally. Obstacle is moving away laterally to the right.
38.0,20043.0,Front-left,6.66,3.82,2.15,2.21,-20.68,2.16,0.74,-1.68,0.1,inf,Obstacle is driving toward the ego car longitudinally. Obstacle is moving away laterally to the left.
38.0,20044.0,Front-right,48.08,-10.64,43.57,-9.03,-18.74,6.52,0.78,-1.62,2.33,1.39,Obstacle is driving toward the ego car longitudinally. Obstacle is driving toward the ego car laterally from the right.
38.0,20045.0,Front-right,158.25,-120.35,153.74,-118.74,-6.19,0.0,0.76,-1.78,24.84,inf,Obstacle is driving toward the ego car longitudinally. No lateral relative motion.
38.0,20047.0,Front-right,154.11,-125.98,149.61,-124.37,-6.19,0.0,0.76,-1.78,24.17,inf,Obstacle is driving toward the ego car longitudinally. No lateral relative motion.
38.0,20049.0,Front-right,146.51,-136.33,142.0,-134.72,-6.19,0.0,0.76,-1.78,22.94,inf,Obstacle is driving toward the ego car longitudinally. No lateral relative motion.
38.0,20050.0,Front-right,141.22,-143.53,136.71,-141.92,-6.19,0.0,0.76,-1.78,22.09,inf,Obstacle is driving toward the ego car longitudinally. No lateral relative motion.
38.0,20051.0,Front-right,137.08,-149.16,132.58,-147.55,-6.19,0.0,0.76,-1.78,21.42,inf,Obstacle is driving toward the ego car longitudinally. No lateral relative motion.
38.0,20052.0,Front-right,132.95,-154.79,128.44,-153.18,-6.19,0.0,0.76,-1.78,20.75,inf,Obstacle is driving toward the ego car longitudinally. No lateral relative motion.
38.0,20053.0,Front-right,128.8,-160.43,124.3,-158.82,-6.19,0.0,0.76,-1.78,20.08,inf,Obstacle is driving toward the ego car longitudinally. No lateral relative motion.
38.0,20054.0,Front-right,96.64,-50.56,92.13,-48.95,-2.67,-3.09,1.39,0.15,34.55,inf,Obstacle is driving toward the ego car longitudinally. Obstacle is moving away laterally to the right.
38.0,20055.0,Front-right,121.11,-170.9,116.6,-169.29,-5.98,0.28,0.13,-1.63,19.49,600.0,Obstacle is driving toward the ego car longitudinally. Obstacle is driving toward the ego car laterally from the right.
38.0,20056.0,Front-right,115.03,-179.17,110.52,-177.56,-5.4,1.08,0.39,-1.69,20.47,164.86,Obstacle is driving toward the ego car longitudinally. Obstacle is driving toward the ego car laterally from the right.
38.0,20057.0,Front-right,172.36,-95.53,167.86,-93.92,-6.19,-0.0,0.76,-1.78,27.12,inf,Obstacle is driving toward the ego car longitudinally. No lateral relative motion.
38.0,20058.0,Front-right,109.61,-186.56,105.1,-184.95,-5.34,1.16,0.96,-1.83,19.7,159.21,Obstacle is driving toward the ego car longitudinally. Obstacle is driving toward the ego car laterally from the right.
38.0,20059.0,Front-right,81.73,-37.77,77.22,-36.16,0.31,-5.35,1.4,0.42,inf,inf,Obstacle is moving away longitudinally. Obstacle is moving away laterally to the right.
38.0,20060.0,Front-right,176.91,-89.59,172.4,-87.98,-6.71,-0.67,1.86,-2.06,25.71,inf,Obstacle is driving toward the ego car longitudinally. Obstacle is moving away laterally to the right.
38.0,20061.0,Front-right,104.51,-193.49,100.0,-191.88,-5.59,0.81,0.86,-1.8,17.88,236.58,Obstacle is driving toward the ego car longitudinally. Obstacle is driving toward the ego car laterally from the right.
38.0,20062.0,Front-right,64.98,-25.07,60.47,-23.46,3.11,-6.55,1.09,-0.26,inf,inf,Obstacle is moving away longitudinally. Obstacle is moving away laterally to the right.
38.0,20063.0,Front-right,44.0,-12.47,39.49,-10.86,5.25,-5.95,0.77,-1.68,inf,inf,Obstacle is moving away longitudinally. Obstacle is moving away laterally to the right.
38.0,20064.0,Front-right,99.54,-200.25,95.04,-198.64,-5.3,1.21,-0.01,-1.6,17.92,164.58,Obstacle is driving toward the ego car longitudinally. Obstacle is driving toward the ego car laterally from the right.
38.0,20066.0,Front-right,88.95,-214.67,84.44,-213.06,-2.09,5.58,-1.59,-1.23,40.43,38.17,Obstacle is driving toward the ego car longitudinally. Obstacle is driving toward the ego car laterally from the right.
39.0,20003.0,Front-right,153.36,-99.39,148.85,-97.78,-5.93,-0.0,0.61,-1.46,25.09,inf,Obstacle is driving toward the ego car longitudinally. No lateral relative motion.
39.0,20007.0,Front-right,147.86,-95.1,143.35,-93.49,-5.93,-0.0,0.61,-1.46,24.17,inf,Obstacle is driving toward the ego car longitudinally. No lateral relative motion.
39.0,20013.0,Front-right,142.47,-90.67,137.96,-89.06,-5.93,-0.0,0.61,-1.46,23.26,inf,Obstacle is driving toward the ego car longitudinally. No lateral relative motion.
39.0,20017.0,Front-right,137.13,-86.17,132.62,-84.56,-5.93,-0.0,0.61,-1.46,22.36,inf,Obstacle is driving toward the ego car longitudinally. No lateral relative motion.
39.0,20019.0,Front-right,131.87,-81.59,127.36,-79.98,-5.93,-0.0,0.61,-1.46,21.47,inf,Obstacle is driving toward the ego car longitudinally. No lateral relative motion.
39.0,20021.0,Front-right,126.62,-76.98,122.12,-75.37,-5.93,-0.0,0.61,-1.46,20.59,inf,Obstacle is driving toward the ego car longitudinally. No lateral relative motion.
39.0,20025.0,Front-right,121.44,-72.3,116.94,-70.69,-5.93,-0.0,0.61,-1.46,19.71,inf,Obstacle is driving toward the ego car longitudinally. No lateral relative motion.
39.0,20035.0,Front-right,116.27,-67.62,111.76,-66.01,-5.93,-0.0,0.61,-1.46,18.84,inf,Obstacle is driving toward the ego car longitudinally. No lateral relative motion.
39.0,20039.0,Front-right,111.09,-62.94,106.58,-61.33,-5.93,-0.0,0.61,-1.46,17.97,inf,Obstacle is driving toward the ego car longitudinally. No lateral relative motion.
39.0,20042.0,Rear-right,-35.04,-3.13,-30.53,-1.52,-20.01,-4.58,0.59,-1.44,inf,inf,Obstacle is moving away longitudinally. Obstacle is moving away laterally to the right.
39.0,20043.0,Front-left,4.52,4.05,0.01,2.44,-20.57,0.84,0.58,-1.36,0.0,inf,Obstacle is driving toward the ego car longitudinally. Obstacle is moving away laterally to the left.
39.0,20044.0,Front-right,46.25,-9.58,41.74,-7.97,-18.55,6.42,0.62,-1.3,2.25,1.24,Obstacle is driving toward the ego car longitudinally. Obstacle is driving toward the ego car laterally from the right.
39.0,20045.0,Front-right,158.63,-119.0,154.12,-117.39,-5.93,0.0,0.61,-1.46,25.98,inf,Obstacle is driving toward the ego car longitudinally. No lateral relative motion.
39.0,20047.0,Front-right,154.55,-124.66,150.04,-123.05,-5.93,0.0,0.61,-1.46,25.29,inf,Obstacle is driving toward the ego car longitudinally. No lateral relative motion.
39.0,20049.0,Front-right,147.03,-135.07,142.52,-133.46,-5.93,0.0,0.61,-1.46,24.03,inf,Obstacle is driving toward the ego car longitudinally. No lateral relative motion.
39.0,20050.0,Front-right,141.8,-142.32,137.29,-140.71,-5.93,0.0,0.61,-1.46,23.14,inf,Obstacle is driving toward the ego car longitudinally. No lateral relative motion.
39.0,20051.0,Front-right,137.71,-147.98,133.21,-146.37,-5.93,0.0,0.61,-1.46,22.45,inf,Obstacle is driving toward the ego car longitudinally. No lateral relative motion.
39.0,20052.0,Front-right,133.62,-153.65,129.12,-152.04,-5.93,0.0,0.61,-1.46,21.77,inf,Obstacle is driving toward the ego car longitudinally. No lateral relative motion.
39.0,20053.0,Front-right,129.53,-159.32,125.02,-157.71,-5.93,0.0,0.61,-1.46,21.08,inf,Obstacle is driving toward the ego car longitudinally. No lateral relative motion.
39.0,20054.0,Front-right,96.78,-50.04,92.27,-48.43,-2.53,-2.93,1.2,0.36,36.49,inf,Obstacle is driving toward the ego car longitudinally. Obstacle is moving away laterally to the right.
39.0,20055.0,Front-right,121.95,-169.83,117.44,-168.22,-5.75,0.25,0.15,-1.35,20.41,684.64,Obstacle is driving toward the ego car longitudinally. Obstacle is driving toward the ego car laterally from the right.
39.0,20056.0,Front-right,116.0,-178.08,111.49,-176.47,-5.19,1.04,0.03,-1.32,21.5,170.45,Obstacle is driving toward the ego car longitudinally. Obstacle is driving toward the ego car laterally from the right.
39.0,20057.0,Front-right,172.54,-94.06,168.03,-92.45,-5.93,-0.0,0.61,-1.46,28.32,inf,Obstacle is driving toward the ego car longitudinally. No lateral relative motion.
39.0,20058.0,Front-right,110.64,-185.5,106.13,-183.89,-5.08,1.18,0.71,-1.48,20.88,156.26,Obstacle is driving toward the ego car longitudinally. Obstacle is driving toward the ego car laterally from the right.
39.0,20059.0,Front-right,82.06,-37.6,77.55,-35.99,0.44,-5.15,1.26,0.78,inf,inf,Obstacle is moving away longitudinally. Obstacle is moving away laterally to the right.
39.0,20060.0,Front-right,176.98,-88.15,172.47,-86.54,-6.39,-0.61,1.42,-1.66,26.98,inf,Obstacle is driving toward the ego car longitudinally. Obstacle is moving away laterally to the right.
39.0,20061.0,Front-right,105.58,-192.51,101.07,-190.9,-5.33,0.83,0.79,-1.5,18.95,229.65,Obstacle is driving toward the ego car longitudinally. Obstacle is driving toward the ego car laterally from the right.
39.0,20062.0,Front-right,65.48,-25.16,60.97,-23.55,3.26,-6.36,1.02,0.47,inf,inf,Obstacle is moving away longitudinally. Obstacle is moving away laterally to the right.
39.0,20063.0,Front-right,44.61,-12.67,40.1,-11.06,5.51,-5.82,0.65,-0.89,inf,inf,Obstacle is moving away longitudinally. Obstacle is moving away laterally to the right.
39.0,20064.0,Front-right,100.7,-199.27,96.19,-197.66,-5.09,1.17,0.08,-1.34,18.91,168.89,Obstacle is driving toward the ego car longitudinally. Obstacle is driving toward the ego car laterally from the right.
39.0,20066.0,Front-right,90.54,-213.35,86.03,-211.74,-2.01,5.43,-1.59,-0.95,42.78,38.96,Obstacle is driving toward the ego car longitudinally. Obstacle is driving toward the ego car laterally from the right.
40.0,20003.0,Front-right,153.98,-97.47,149.47,-95.86,-5.56,-0.0,0.78,-1.93,26.86,inf,Obstacle is driving toward the ego car longitudinally. No lateral relative motion.
40.0,20007.0,Front-right,148.43,-93.26,143.92,-91.65,-5.56,-0.0,0.78,-1.93,25.87,inf,Obstacle is driving toward the ego car longitudinally. No lateral relative motion.
40.0,20013.0,Front-right,142.98,-88.89,138.47,-87.28,-5.56,-0.0,0.78,-1.93,24.89,inf,Obstacle is driving toward the ego car longitudinally. No lateral relative motion.
40.0,20017.0,Front-right,137.58,-84.46,133.08,-82.85,-5.56,-0.0,0.78,-1.93,23.92,inf,Obstacle is driving toward the ego car longitudinally. No lateral relative motion.
40.0,20019.0,Front-right,132.26,-79.94,127.76,-78.33,-5.56,-0.0,0.78,-1.93,22.96,inf,Obstacle is driving toward the ego car longitudinally. No lateral relative motion.
40.0,20021.0,Front-right,126.96,-75.4,122.46,-73.79,-5.56,-0.0,0.78,-1.93,22.01,inf,Obstacle is driving toward the ego car longitudinally. No lateral relative motion.
40.0,20025.0,Front-right,121.73,-70.78,117.22,-69.17,-5.56,-0.0,0.78,-1.93,21.07,inf,Obstacle is driving toward the ego car longitudinally. No lateral relative motion.
40.0,20035.0,Front-right,116.49,-66.17,111.98,-64.56,-5.56,-0.0,0.78,-1.93,20.13,inf,Obstacle is driving toward the ego car longitudinally. No lateral relative motion.
40.0,20039.0,Front-right,111.26,-61.55,106.75,-59.94,-5.56,-0.0,0.78,-1.93,19.19,inf,Obstacle is driving toward the ego car longitudinally. No lateral relative motion.
40.0,20042.0,Rear-right,-37.01,-4.04,-32.51,-2.43,-19.59,-4.76,0.76,-1.91,inf,inf,Obstacle is moving away longitudinally. Obstacle is moving away laterally to the right.
40.0,20043.0,Left,2.38,4.17,0.0,2.56,-20.22,0.66,0.74,-1.83,0.0,inf,Exact longitudinal alignment or co. Obstacle is moving away laterally to the left.
40.0,20044.0,Front-right,44.47,-8.37,39.96,-6.76,-18.27,6.27,0.79,-1.77,2.19,1.08,Obstacle is driving toward the ego car longitudinally. Obstacle is driving toward the ego car laterally from the right.
40.0,20045.0,Front-right,159.49,-117.02,154.98,-115.41,-5.56,0.0,0.78,-1.93,27.85,inf,Obstacle is driving toward the ego car longitudinally. No lateral relative motion.
40.0,20047.0,Front-right,155.48,-122.73,150.97,-121.12,-5.56,0.0,0.78,-1.93,27.13,inf,Obstacle is driving toward the ego car longitudinally. No lateral relative motion.
40.0,20049.0,Front-right,148.09,-133.23,143.58,-131.62,-5.56,0.0,0.78,-1.93,25.81,inf,Obstacle is driving toward the ego car longitudinally. No lateral relative motion.
40.0,20050.0,Front-right,142.95,-140.54,138.45,-138.93,-5.56,0.0,0.78,-1.93,24.88,inf,Obstacle is driving toward the ego car longitudinally. No lateral relative motion.
40.0,20051.0,Front-right,138.94,-146.26,134.43,-144.65,-5.56,0.0,0.78,-1.93,24.16,inf,Obstacle is driving toward the ego car longitudinally. No lateral relative motion.
40.0,20052.0,Front-right,134.92,-151.98,130.41,-150.37,-5.56,0.0,0.78,-1.93,23.44,inf,Obstacle is driving toward the ego car longitudinally. No lateral relative motion.
40.0,20053.0,Front-right,130.9,-157.7,126.39,-156.09,-5.56,0.0,0.78,-1.93,22.71,inf,Obstacle is driving toward the ego car longitudinally. No lateral relative motion.
40.0,20054.0,Front-right,97.13,-49.11,92.62,-47.5,-2.27,-2.77,1.37,-0.11,40.78,inf,Obstacle is driving toward the ego car longitudinally. Obstacle is moving away laterally to the right.
40.0,20055.0,Front-right,123.46,-168.28,118.95,-166.67,-5.42,0.21,0.32,-1.82,21.96,796.4,Obstacle is driving toward the ego car longitudinally. Obstacle is driving toward the ego car laterally from the right.
40.0,20056.0,Front-right,117.67,-176.52,113.16,-174.91,-4.86,1.0,0.2,-1.8,23.26,175.67,Obstacle is driving toward the ego car longitudinally. Obstacle is driving toward the ego car laterally from the right.
40.0,20057.0,Front-right,173.09,-91.9,168.58,-90.29,-5.56,-0.0,0.78,-1.93,30.3,inf,Obstacle is driving toward the ego car longitudinally. No lateral relative motion.
40.0,20058.0,Front-right,112.42,-183.99,107.91,-182.38,-4.72,1.2,0.88,-1.95,22.84,152.58,Obstacle is driving toward the ego car longitudinally. Obstacle is driving toward the ego car laterally from the right.
40.0,20059.0,Front-right,82.55,-37.07,78.04,-35.46,0.68,-4.93,1.43,0.3,inf,inf,Obstacle is moving away longitudinally. Obstacle is moving away laterally to the right.
40.0,20060.0,Front-right,177.42,-86.0,172.91,-84.39,-5.97,-0.55,1.59,-2.14,28.97,inf,Obstacle is driving toward the ego car longitudinally. Obstacle is moving away laterally to the right.
40.0,20061.0,Front-right,107.42,-191.1,102.91,-189.49,-4.96,0.85,0.96,-1.97,20.73,221.91,Obstacle is driving toward the ego car longitudinally. Obstacle is driving toward the ego car laterally from the right.
40.0,20062.0,Front-right,66.1,-24.96,61.59,-23.35,3.55,-6.13,1.19,0.0,inf,inf,Obstacle is moving away longitudinally. Obstacle is moving away laterally to the right.
40.0,20063.0,Front-right,45.31,-12.68,40.8,-11.07,5.9,-5.65,0.82,-1.36,inf,inf,Obstacle is moving away longitudinally. Obstacle is moving away laterally to the right.
40.0,20064.0,Front-right,102.64,-197.89,98.13,-196.28,-4.77,1.14,0.25,-1.81,20.59,172.71,Obstacle is driving toward the ego car longitudinally. Obstacle is driving toward the ego car laterally from the right.
40.0,20066.0,Front-right,92.96,-211.66,88.45,-210.05,-1.84,5.3,-1.42,-1.42,48.06,39.65,Obstacle is driving toward the ego car longitudinally. Obstacle is driving toward the ego car laterally from the right.
41.0,20003.0,Front-right,155.03,-94.86,150.52,-93.25,-5.1,-0.0,0.89,-2.32,29.49,inf,Obstacle is driving toward the ego car longitudinally. No lateral relative motion.
41.0,20007.0,Front-right,149.41,-90.73,144.9,-89.12,-5.1,-0.0,0.89,-2.32,28.39,inf,Obstacle is driving toward the ego car longitudinally. No lateral relative motion.
41.0,20013.0,Front-right,143.88,-86.46,139.38,-84.85,-5.1,-0.0,0.89,-2.32,27.31,inf,Obstacle is driving toward the ego car longitudinally. No lateral relative motion.
41.0,20017.0,Front-right,138.42,-82.13,133.91,-80.52,-5.1,-0.0,0.89,-2.32,26.23,inf,Obstacle is driving toward the ego car longitudinally. No lateral relative motion.
41.0,20019.0,Front-right,133.02,-77.7,128.51,-76.09,-5.1,-0.0,0.89,-2.32,25.18,inf,Obstacle is driving toward the ego car longitudinally. No lateral relative motion.
41.0,20021.0,Front-right,127.64,-73.24,123.14,-71.63,-5.1,-0.0,0.89,-2.32,24.12,inf,Obstacle is driving toward the ego car longitudinally. No lateral relative motion.
41.0,20025.0,Front-right,122.33,-68.72,117.82,-67.11,-5.1,-0.0,0.89,-2.32,23.08,inf,Obstacle is driving toward the ego car longitudinally. No lateral relative motion.
41.0,20035.0,Front-right,117.02,-64.19,112.51,-62.58,-5.1,-0.0,0.89,-2.32,22.04,inf,Obstacle is driving toward the ego car longitudinally. No lateral relative motion.
41.0,20039.0,Front-right,111.71,-59.67,107.2,-58.06,-5.1,-0.0,0.89,-2.32,21.0,inf,Obstacle is driving toward the ego car longitudinally. No lateral relative motion.
41.0,20042.0,Rear-right,-38.91,-5.17,-34.41,-3.56,-19.05,-5.0,0.87,-2.29,inf,inf,Obstacle is moving away longitudinally. Obstacle is moving away laterally to the right.
41.0,20043.0,Left,0.25,4.25,0.0,2.64,-19.78,0.42,0.86,-2.23,0.0,inf,Exact longitudinal alignment or co. Obstacle is moving away laterally to the left.
41.0,20044.0,Front-right,42.73,-7.0,38.22,-5.39,-17.93,6.06,0.9,-2.16,2.13,0.89,Obstacle is driving toward the ego car longitudinally. Obstacle is driving toward the ego car laterally from the right.
41.0,20045.0,Front-right,160.87,-114.31,156.36,-112.7,-5.1,0.0,0.89,-2.32,30.63,inf,Obstacle is driving toward the ego car longitudinally. No lateral relative motion.
41.0,20047.0,Front-right,156.95,-120.09,152.44,-118.48,-5.1,0.0,0.89,-2.32,29.87,inf,Obstacle is driving toward the ego car longitudinally. No lateral relative motion.
41.0,20049.0,Front-right,149.75,-130.71,145.24,-129.1,-5.1,0.0,0.89,-2.32,28.45,inf,Obstacle is driving toward the ego car longitudinally. No lateral relative motion.
41.0,20050.0,Front-right,144.73,-138.11,140.22,-136.5,-5.1,0.0,0.89,-2.32,27.47,inf,Obstacle is driving toward the ego car longitudinally. No lateral relative motion.
41.0,20051.0,Front-right,140.81,-143.89,136.3,-142.28,-5.1,0.0,0.89,-2.32,26.7,inf,Obstacle is driving toward the ego car longitudinally. No lateral relative motion.
41.0,20052.0,Front-right,136.89,-149.68,132.38,-148.07,-5.1,0.0,0.89,-2.32,25.94,inf,Obstacle is driving toward the ego car longitudinally. No lateral relative motion.
41.0,20053.0,Front-right,132.97,-155.46,128.46,-153.85,-5.1,0.0,0.89,-2.32,25.17,inf,Obstacle is driving toward the ego car longitudinally. No lateral relative motion.
41.0,20054.0,Front-right,97.69,-47.73,93.18,-46.12,-1.91,-2.59,1.49,-0.49,48.69,inf,Obstacle is driving toward the ego car longitudinally. Obstacle is moving away laterally to the right.
41.0,20055.0,Front-right,125.72,-166.15,121.21,-164.54,-4.99,0.17,0.43,-2.21,24.3,952.49,Obstacle is driving toward the ego car longitudinally. Obstacle is driving toward the ego car laterally from the right.
41.0,20056.0,Front-right,120.12,-174.41,115.62,-172.8,-4.45,0.96,0.31,-2.18,25.95,180.38,Obstacle is driving toward the ego car longitudinally. Obstacle is driving toward the ego car laterally from the right.
41.0,20057.0,Front-right,174.04,-88.97,169.53,-87.36,-5.1,-0.0,0.89,-2.32,33.21,inf,Obstacle is driving toward the ego car longitudinally. No lateral relative motion.
41.0,20058.0,Front-right,115.01,-181.94,110.51,-180.33,-4.28,1.22,0.99,-2.34,25.83,148.12,Obstacle is driving toward the ego car longitudinally. Obstacle is driving toward the ego car laterally from the right.
41.0,20059.0,Front-right,83.21,-36.15,78.7,-34.54,1.04,-4.68,1.54,-0.08,inf,inf,Obstacle is moving away longitudinally. Obstacle is moving away laterally to the right.
41.0,20060.0,Front-right,178.23,-83.04,173.72,-81.43,-5.45,-0.49,1.7,-2.52,31.87,inf,Obstacle is driving toward the ego car longitudinally. Obstacle is moving away laterally to the right.
41.0,20061.0,Front-right,110.11,-189.17,105.61,-187.56,-4.51,0.88,1.07,-2.36,23.43,213.29,Obstacle is driving toward the ego car longitudinally. Obstacle is driving toward the ego car laterally from the right.
41.0,20062.0,Front-right,66.85,-24.43,62.34,-22.82,3.94,-5.87,1.3,-0.39,inf,inf,Obstacle is moving away longitudinally. Obstacle is moving away laterally to the right.
41.0,20063.0,Front-right,46.09,-12.46,41.58,-10.85,6.4,-5.44,0.93,-1.75,inf,inf,Obstacle is moving away longitudinally. Obstacle is moving away laterally to the right.
41.0,20064.0,Front-right,105.47,-196.01,100.96,-194.4,-4.36,1.1,0.36,-2.19,23.18,175.96,Obstacle is driving toward the ego car longitudinally. Obstacle is driving toward the ego car laterally from the right.
41.0,20066.0,Front-right,96.3,-209.54,91.8,-207.93,-1.6,5.17,-1.31,-1.81,57.47,40.19,Obstacle is driving toward the ego car longitudinally. Obstacle is driving toward the ego car laterally from the right.
42.0,20003.0,Front-right,154.82,-94.32,150.31,-92.71,-4.97,-0.0,0.03,-0.09,30.23,inf,Obstacle is driving toward the ego car longitudinally. No lateral relative motion.
42.0,20007.0,Front-right,149.18,-90.22,144.67,-88.61,-4.97,-0.0,0.03,-0.09,29.09,inf,Obstacle is driving toward the ego car longitudinally. No lateral relative motion.
42.0,20013.0,Front-right,143.65,-85.97,139.14,-84.36,-4.97,-0.0,0.03,-0.09,27.98,inf,Obstacle is driving toward the ego car longitudinally. No lateral relative motion.
42.0,20017.0,Front-right,138.16,-81.65,133.66,-80.04,-4.97,-0.0,0.03,-0.09,26.88,inf,Obstacle is driving toward the ego car longitudinally. No lateral relative motion.
42.0,20019.0,Front-right,132.75,-77.24,128.24,-75.63,-4.97,-0.0,0.03,-0.09,25.79,inf,Obstacle is driving toward the ego car longitudinally. No lateral relative motion.
42.0,20021.0,Front-right,127.36,-72.81,122.85,-71.2,-4.97,-0.0,0.03,-0.09,24.71,inf,Obstacle is driving toward the ego car longitudinally. No lateral relative motion.
42.0,20025.0,Front-right,122.03,-68.3,117.52,-66.69,-4.97,-0.0,0.03,-0.09,23.63,inf,Obstacle is driving toward the ego car longitudinally. No lateral relative motion.
42.0,20035.0,Front-right,116.7,-63.79,112.19,-62.18,-4.97,-0.0,0.03,-0.09,22.56,inf,Obstacle is driving toward the ego car longitudinally. No lateral relative motion.
42.0,20039.0,Front-right,111.38,-59.28,106.87,-57.67,-4.97,-0.0,0.03,-0.09,21.49,inf,Obstacle is driving toward the ego car longitudinally. No lateral relative motion.
42.0,20042.0,Rear-right,-40.83,-5.81,-36.32,-4.2,-18.9,-5.05,0.01,-0.07,inf,inf,Obstacle is moving away longitudinally. Obstacle is moving away laterally to the right.
42.0,20043.0,Left,-1.79,4.27,0.0,2.66,-19.64,-0.84,-0.0,-0.01,0.0,3.16,Exact longitudinal alignment or co. Obstacle is driving toward the ego car laterally from the left.
42.0,20044.0,Front-right,40.9,-6.28,36.39,-4.67,-18.11,5.39,0.04,0.04,2.01,0.87,Obstacle is driving toward the ego car longitudinally. Obstacle is driving toward the ego car laterally from the right.
42.0,20045.0,Front-right,160.73,-113.75,156.22,-112.14,-4.97,0.0,0.03,-0.09,31.42,inf,Obstacle is driving toward the ego car longitudinally. No lateral relative motion.
42.0,20047.0,Front-right,156.83,-119.55,152.32,-117.94,-4.97,0.0,0.03,-0.09,30.63,inf,Obstacle is driving toward the ego car longitudinally. No lateral relative motion.
42.0,20049.0,Front-right,149.66,-130.2,145.15,-128.59,-4.97,0.0,0.03,-0.09,29.19,inf,Obstacle is driving toward the ego car longitudinally. No lateral relative motion.
42.0,20050.0,Front-right,144.67,-137.61,140.16,-136.0,-4.97,0.0,0.03,-0.09,28.19,inf,Obstacle is driving toward the ego car longitudinally. No lateral relative motion.
42.0,20051.0,Front-right,140.77,-143.41,136.26,-141.8,-4.97,0.0,0.03,-0.09,27.4,inf,Obstacle is driving toward the ego car longitudinally. No lateral relative motion.
42.0,20052.0,Front-right,136.87,-149.2,132.36,-147.59,-4.97,0.0,0.03,-0.09,26.62,inf,Obstacle is driving toward the ego car longitudinally. No lateral relative motion.
42.0,20053.0,Front-right,132.97,-155.01,128.46,-153.4,-4.97,0.0,0.03,-0.09,25.83,inf,Obstacle is driving toward the ego car longitudinally. No lateral relative motion.
42.0,20054.0,Front-right,97.63,-47.65,93.12,-46.04,-1.98,-2.53,0.67,1.72,47.0,inf,Obstacle is driving toward the ego car longitudinally. Obstacle is moving away laterally to the right.
42.0,20055.0,Front-right,125.77,-165.7,121.26,-164.09,-4.88,0.13,-0.42,0.02,24.84,1223.91,Obstacle is driving toward the ego car longitudinally. Obstacle is driving toward the ego car laterally from the right.
42.0,20056.0,Front-right,120.25,-173.9,115.74,-172.29,-4.36,0.91,-0.55,0.04,26.55,189.2,Obstacle is driving toward the ego car longitudinally. Obstacle is driving toward the ego car laterally from the right.
42.0,20057.0,Front-right,173.81,-88.37,169.3,-86.76,-4.97,-0.0,0.03,-0.09,34.05,inf,Obstacle is driving toward the ego car longitudinally. No lateral relative motion.
42.0,20058.0,Front-right,115.19,-181.42,110.68,-179.81,-4.15,1.23,0.13,-0.11,26.7,146.37,Obstacle is driving toward the ego car longitudinally. Obstacle is driving toward the ego car laterally from the right.
42.0,20059.0,Front-right,83.41,-36.32,78.9,-34.71,1.0,-4.52,0.69,2.14,inf,inf,Obstacle is moving away longitudinally. Obstacle is moving away laterally to the right.
42.0,20060.0,Front-right,177.95,-82.47,173.44,-80.86,-5.27,-0.42,0.84,-0.3,32.92,inf,Obstacle is driving toward the ego car longitudinally. Obstacle is moving away laterally to the right.
42.0,20061.0,Front-right,110.29,-188.7,105.78,-187.09,-4.37,0.9,0.22,-0.13,24.21,208.59,Obstacle is driving toward the ego car longitudinally. Obstacle is driving toward the ego car laterally from the right.
42.0,20062.0,Front-right,67.3,-24.78,62.79,-23.17,3.93,-5.73,0.44,1.84,inf,inf,Obstacle is moving away longitudinally. Obstacle is moving away laterally to the right.
42.0,20063.0,Front-right,46.75,-12.84,42.24,-11.23,6.5,-5.37,0.08,0.48,inf,inf,Obstacle is moving away longitudinally. Obstacle is moving away laterally to the right.
42.0,20064.0,Front-right,105.68,-195.54,101.18,-193.93,-4.26,1.06,-0.49,0.03,23.76,182.53,Obstacle is driving toward the ego car longitudinally. Obstacle is driving toward the ego car laterally from the right.
42.0,20066.0,Front-right,96.83,-208.7,92.32,-207.09,-1.61,5.0,-2.16,0.42,57.37,41.44,Obstacle is driving toward the ego car longitudinally. Obstacle is driving toward the ego car laterally from the right.
43.0,20003.0,Front-right,156.05,-91.42,151.54,-89.81,-5.05,-0.0,-0.3,0.83,30.0,inf,Obstacle is driving toward the ego car longitudinally. No lateral relative motion.
43.0,20007.0,Front-right,150.34,-87.43,145.83,-85.82,-5.05,-0.0,-0.3,0.83,28.87,inf,Obstacle is driving toward the ego car longitudinally. No lateral relative motion.
43.0,20013.0,Front-right,144.72,-83.28,140.21,-81.67,-5.05,-0.0,-0.3,0.83,27.76,inf,Obstacle is driving toward the ego car longitudinally. No lateral relative motion.
43.0,20017.0,Front-right,139.16,-79.06,134.65,-77.45,-5.05,-0.0,-0.3,0.83,26.66,inf,Obstacle is driving toward the ego car longitudinally. No lateral relative motion.
43.0,20019.0,Front-right,133.67,-74.75,129.16,-73.14,-5.05,-0.0,-0.3,0.83,25.57,inf,Obstacle is driving toward the ego car longitudinally. No lateral relative motion.
43.0,20021.0,Front-right,128.19,-70.42,123.68,-68.81,-5.05,-0.0,-0.3,0.83,24.49,inf,Obstacle is driving toward the ego car longitudinally. No lateral relative motion.
43.0,20025.0,Front-right,122.78,-66.01,118.27,-64.4,-5.05,-0.0,-0.3,0.83,23.42,inf,Obstacle is driving toward the ego car longitudinally. No lateral relative motion.
43.0,20035.0,Front-right,117.37,-61.6,112.86,-59.99,-5.05,-0.0,-0.3,0.83,22.34,inf,Obstacle is driving toward the ego car longitudinally. No lateral relative motion.
43.0,20039.0,Front-right,111.96,-57.2,107.45,-55.59,-5.05,-0.0,-0.3,0.83,21.27,inf,Obstacle is driving toward the ego car longitudinally. No lateral relative motion.
43.0,20042.0,Rear-right,-42.6,-7.1,-38.09,-5.49,-18.89,-5.31,-0.32,0.85,inf,inf,Obstacle is moving away longitudinally. Obstacle is moving away laterally to the right.
43.0,20043.0,Left,-3.85,4.12,0.0,2.51,-19.7,-1.12,-0.33,0.91,0.0,2.25,Exact longitudinal alignment or co. Obstacle is driving toward the ego car laterally from the left.
43.0,20044.0,Front-right,39.17,-4.99,34.66,-3.38,-18.3,5.15,-0.29,0.96,1.89,0.66,Obstacle is driving toward the ego car longitudinally. Obstacle is driving toward the ego car laterally from the right.
43.0,20045.0,Front-right,162.32,-110.74,157.81,-109.13,-5.05,0.0,-0.3,0.83,31.24,inf,Obstacle is driving toward the ego car longitudinally. No lateral relative motion.
43.0,20047.0,Front-right,158.53,-116.6,154.02,-114.99,-5.05,0.0,-0.3,0.83,30.49,inf,Obstacle is driving toward the ego car longitudinally. No lateral relative motion.
43.0,20049.0,Front-right,151.56,-127.39,147.05,-125.78,-5.05,0.0,-0.3,0.83,29.11,inf,Obstacle is driving toward the ego car longitudinally. No lateral relative motion.
43.0,20050.0,Front-right,146.71,-134.89,142.2,-133.28,-5.05,0.0,-0.3,0.83,28.15,inf,Obstacle is driving toward the ego car longitudinally. No lateral relative motion.
43.0,20051.0,Front-right,142.92,-140.76,138.41,-139.15,-5.05,0.0,-0.3,0.83,27.4,inf,Obstacle is driving toward the ego car longitudinally. No lateral relative motion.
43.0,20052.0,Front-right,139.12,-146.63,134.62,-145.02,-5.05,0.0,-0.3,0.83,26.65,inf,Obstacle is driving toward the ego car longitudinally. No lateral relative motion.
43.0,20053.0,Front-right,135.33,-152.5,130.82,-150.89,-5.05,0.0,-0.3,0.83,25.9,inf,Obstacle is driving toward the ego car longitudinally. No lateral relative motion.
43.0,20054.0,Front-right,98.3,-46.06,93.79,-44.45,-2.16,-2.35,0.34,2.64,43.38,inf,Obstacle is driving toward the ego car longitudinally. Obstacle is moving away laterally to the right.
43.0,20055.0,Front-right,128.34,-163.32,123.83,-161.71,-4.99,0.1,-0.76,0.93,24.82,1682.96,Obstacle is driving toward the ego car longitudinally. Obstacle is driving toward the ego car laterally from the right.
43.0,20056.0,Front-right,123.03,-171.54,118.52,-169.93,-4.49,0.87,-0.88,0.96,26.41,194.93,Obstacle is driving toward the ego car longitudinally. Obstacle is driving toward the ego car laterally from the right.
43.0,20057.0,Front-right,174.92,-85.11,170.41,-83.5,-5.05,-0.0,-0.3,0.83,33.74,inf,Obstacle is driving toward the ego car longitudinally. No lateral relative motion.
43.0,20058.0,Front-right,118.13,-179.12,113.62,-177.51,-4.24,1.25,-0.2,0.8,26.78,141.78,Obstacle is driving toward the ego car longitudinally. Obstacle is driving toward the ego car laterally from the right.
43.0,20059.0,Front-right,84.16,-35.2,79.65,-33.59,0.82,-4.27,0.35,3.06,inf,inf,Obstacle is moving away longitudinally. Obstacle is moving away laterally to the right.
43.0,20060.0,Front-right,178.93,-79.18,174.42,-77.57,-5.29,-0.36,0.51,0.62,32.95,inf,Obstacle is driving toward the ego car longitudinally. Obstacle is moving away laterally to the right.
43.0,20061.0,Front-right,113.34,-186.52,108.83,-184.91,-4.45,0.92,-0.12,0.78,24.43,200.18,Obstacle is driving toward the ego car longitudinally. Obstacle is driving toward the ego car laterally from the right.
43.0,20062.0,Front-right,68.14,-24.07,63.63,-22.46,3.79,-5.46,0.11,2.76,inf,inf,Obstacle is moving away longitudinally. Obstacle is moving away laterally to the right.
43.0,20063.0,Front-right,47.61,-12.53,43.11,-10.92,6.21,-5.67,-0.23,1.4,inf,inf,Obstacle is moving away longitudinally. Obstacle is moving away laterally to the right.
43.0,20064.0,Front-right,108.88,-193.43,104.37,-191.82,-4.39,1.03,-0.83,0.95,23.8,186.24,Obstacle is driving toward the ego car longitudinally. Obstacle is driving toward the ego car laterally from the right.
43.0,20066.0,Front-right,100.52,-206.36,96.01,-204.75,-1.9,4.87,-2.5,1.34,50.43,42.04,Obstacle is driving toward the ego car longitudinally. Obstacle is driving toward the ego car laterally from the right.
44.0,20003.0,Front-right,156.07,-90.52,151.56,-88.91,-5.31,-0.0,-0.56,1.59,28.55,inf,Obstacle is driving toward the ego car longitudinally. No lateral relative motion.
44.0,20007.0,Front-right,150.34,-86.56,145.83,-84.95,-5.31,-0.0,-0.56,1.59,27.47,inf,Obstacle is driving toward the ego car longitudinally. No lateral relative motion.
44.0,20013.0,Front-right,144.7,-82.44,140.19,-80.83,-5.31,-0.0,-0.56,1.59,26.41,inf,Obstacle is driving toward the ego car longitudinally. No lateral relative motion.
44.0,20017.0,Front-right,139.11,-78.26,134.6,-76.65,-5.31,-0.0,-0.56,1.59,25.36,inf,Obstacle is driving toward the ego car longitudinally. No lateral relative motion.
44.0,20019.0,Front-right,133.6,-73.98,129.09,-72.37,-5.31,-0.0,-0.56,1.59,24.32,inf,Obstacle is driving toward the ego car longitudinally. No lateral relative motion.
44.0,20021.0,Front-right,128.1,-69.68,123.59,-68.07,-5.31,-0.0,-0.56,1.59,23.28,inf,Obstacle is driving toward the ego car longitudinally. No lateral relative motion.
44.0,20025.0,Front-right,122.66,-65.3,118.15,-63.69,-5.31,-0.0,-0.56,1.59,22.26,inf,Obstacle is driving toward the ego car longitudinally. No lateral relative motion.
44.0,20035.0,Front-right,117.22,-60.92,112.71,-59.31,-5.31,-0.0,-0.56,1.59,21.23,inf,Obstacle is driving toward the ego car longitudinally. No lateral relative motion.
44.0,20039.0,Front-right,111.79,-56.55,107.28,-54.94,-5.31,-0.0,-0.56,1.59,20.21,inf,Obstacle is driving toward the ego car longitudinally. No lateral relative motion.
44.0,20042.0,Rear-right,-44.44,-7.88,-39.94,-6.27,-19.12,-5.39,-0.58,1.61,inf,inf,Obstacle is moving away longitudinally. Obstacle is moving away laterally to the right.
44.0,20043.0,Rear-left,-5.85,3.98,-1.34,2.37,-19.96,-1.2,-0.6,1.67,inf,1.97,Obstacle is moving away longitudinally. Obstacle is driving toward the ego car laterally from the left.
44.0,20044.0,Front-right,37.35,-4.25,32.84,-2.64,-18.6,5.08,-0.56,1.73,1.77,0.52,Obstacle is driving toward the ego car longitudinally. Obstacle is driving toward the ego car laterally from the right.
44.0,20045.0,Front-right,162.45,-109.8,157.95,-108.19,-5.31,0.0,-0.56,1.59,29.75,inf,Obstacle is driving toward the ego car longitudinally. No lateral relative motion.
44.0,20047.0,Front-right,158.7,-115.69,154.19,-114.08,-5.31,0.0,-0.56,1.59,29.05,inf,Obstacle is driving toward the ego car longitudinally. No lateral relative motion.
44.0,20049.0,Front-right,151.79,-126.51,147.28,-124.9,-5.31,0.0,-0.56,1.59,27.75,inf,Obstacle is driving toward the ego car longitudinally. No lateral relative motion.
44.0,20050.0,Front-right,146.99,-134.04,142.48,-132.43,-5.31,0.0,-0.56,1.59,26.84,inf,Obstacle is driving toward the ego car longitudinally. No lateral relative motion.
44.0,20051.0,Front-right,143.23,-139.93,138.72,-138.32,-5.31,0.0,-0.56,1.59,26.13,inf,Obstacle is driving toward the ego car longitudinally. No lateral relative motion.
44.0,20052.0,Front-right,139.47,-145.82,134.96,-144.21,-5.31,0.0,-0.56,1.59,25.42,inf,Obstacle is driving toward the ego car longitudinally. No lateral relative motion.
44.0,20053.0,Front-right,135.71,-151.72,131.2,-150.11,-5.31,0.0,-0.56,1.59,24.72,inf,Obstacle is driving toward the ego car longitudinally. No lateral relative motion.
44.0,20054.0,Front-right,98.34,-45.72,93.84,-44.11,-2.54,-2.23,0.02,3.26,36.9,inf,Obstacle is driving toward the ego car longitudinally. Obstacle is moving away laterally to the right.
44.0,20055.0,Front-right,128.78,-162.57,124.28,-160.96,-5.26,0.07,-0.84,1.66,23.62,2233.07,Obstacle is driving toward the ego car longitudinally. Obstacle is driving toward the ego car laterally from the right.
44.0,20056.0,Front-right,123.57,-170.74,119.06,-169.13,-4.79,0.82,-1.23,1.75,24.87,207.09,Obstacle is driving toward the ego car longitudinally. Obstacle is driving toward the ego car laterally from the right.
44.0,20057.0,Front-right,174.91,-84.1,170.4,-82.49,-5.31,-0.0,-0.56,1.59,32.1,inf,Obstacle is driving toward the ego car longitudinally. No lateral relative motion.
44.0,20058.0,Front-right,118.74,-178.31,114.23,-176.7,-4.51,1.25,-0.64,1.61,25.32,141.42,Obstacle is driving toward the ego car longitudinally. Obstacle is driving toward the ego car laterally from the right.
44.0,20059.0,Front-right,84.44,-35.13,79.94,-33.52,0.4,-4.1,0.08,3.78,inf,inf,Obstacle is moving away longitudinally. Obstacle is moving away laterally to the right.
44.0,20060.0,Front-right,178.86,-78.18,174.35,-76.57,-5.52,-0.31,-0.01,1.45,31.6,inf,Obstacle is driving toward the ego car longitudinally. Obstacle is moving away laterally to the right.
44.0,20061.0,Front-right,113.98,-185.77,109.47,-184.16,-4.7,0.95,-0.34,1.54,23.27,194.66,Obstacle is driving toward the ego car longitudinally. Obstacle is driving toward the ego car laterally from the right.
44.0,20062.0,Front-right,68.65,-24.22,64.14,-22.61,3.16,-5.63,-0.02,3.75,inf,inf,Obstacle is moving away longitudinally. Obstacle is moving away laterally to the right.
44.0,20063.0,Front-right,48.31,-12.81,43.8,-11.2,5.89,-5.55,-0.42,2.72,inf,inf,Obstacle is moving away longitudinally. Obstacle is moving away laterally to the right.
44.0,20064.0,Front-right,109.55,-192.7,105.05,-191.09,-4.67,1.01,-0.87,1.66,22.51,189.69,Obstacle is driving toward the ego car longitudinally. Obstacle is driving toward the ego car laterally from the right.
44.0,20066.0,Front-right,101.52,-205.3,97.01,-203.69,-2.3,4.72,-2.55,2.05,42.19,43.19,Obstacle is driving toward the ego car longitudinally. Obstacle is driving toward the ego car laterally from the right.
45.0,20003.0,Front-right,157.04,-87.91,152.54,-86.3,-5.51,-0.0,-0.38,1.15,27.66,inf,Obstacle is driving toward the ego car longitudinally. No lateral relative motion.
45.0,20007.0,Front-right,151.24,-84.04,146.74,-82.43,-5.51,-0.0,-0.38,1.15,26.61,inf,Obstacle is driving toward the ego car longitudinally. No lateral relative motion.
45.0,20013.0,Front-right,145.54,-80.02,141.03,-78.41,-5.51,-0.0,-0.38,1.15,25.58,inf,Obstacle is driving toward the ego car longitudinally. No lateral relative motion.
45.0,20017.0,Front-right,139.88,-75.93,135.37,-74.32,-5.51,-0.0,-0.38,1.15,24.55,inf,Obstacle is driving toward the ego car longitudinally. No lateral relative motion.
45.0,20019.0,Front-right,134.29,-71.74,129.79,-70.13,-5.51,-0.0,-0.38,1.15,23.54,inf,Obstacle is driving toward the ego car longitudinally. No lateral relative motion.
45.0,20021.0,Front-right,128.73,-67.53,124.22,-65.92,-5.51,-0.0,-0.38,1.15,22.53,inf,Obstacle is driving toward the ego car longitudinally. No lateral relative motion.
45.0,20025.0,Front-right,123.22,-63.25,118.71,-61.64,-5.51,-0.0,-0.38,1.15,21.53,inf,Obstacle is driving toward the ego car longitudinally. No lateral relative motion.
45.0,20035.0,Front-right,117.71,-58.96,113.2,-57.35,-5.51,-0.0,-0.38,1.15,20.53,inf,Obstacle is driving toward the ego car longitudinally. No lateral relative motion.
45.0,20039.0,Front-right,112.2,-54.68,107.69,-53.07,-5.51,-0.0,-0.38,1.15,19.53,inf,Obstacle is driving toward the ego car longitudinally. No lateral relative motion.
45.0,20042.0,Rear-right,-46.2,-9.19,-41.69,-7.58,-19.23,-5.62,-0.4,1.17,inf,inf,Obstacle is moving away longitudinally. Obstacle is moving away laterally to the right.
45.0,20043.0,Rear-left,-7.91,3.74,-3.41,2.13,-20.16,-1.45,-0.42,1.23,inf,1.47,Obstacle is moving away longitudinally. Obstacle is driving toward the ego car laterally from the left.
45.0,20044.0,Front-right,35.55,-3.14,31.04,-1.53,-18.9,4.86,-0.38,1.28,1.64,0.31,Obstacle is driving toward the ego car longitudinally. Obstacle is driving toward the ego car laterally from the right.
45.0,20045.0,Front-right,163.75,-107.08,159.24,-105.47,-5.51,0.0,-0.38,1.15,28.88,inf,Obstacle is driving toward the ego car longitudinally. No lateral relative motion.
45.0,20047.0,Front-right,160.09,-113.02,155.58,-111.41,-5.51,0.0,-0.38,1.15,28.21,inf,Obstacle is driving toward the ego car longitudinally. No lateral relative motion.
45.0,20049.0,Front-right,153.36,-123.96,148.86,-122.35,-5.51,0.0,-0.38,1.15,26.99,inf,Obstacle is driving toward the ego car longitudinally. No lateral relative motion.
45.0,20050.0,Front-right,148.68,-131.57,144.18,-129.96,-5.51,0.0,-0.38,1.15,26.15,inf,Obstacle is driving toward the ego car longitudinally. No lateral relative motion.
45.0,20051.0,Front-right,145.03,-137.52,140.52,-135.91,-5.51,0.0,-0.38,1.15,25.48,inf,Obstacle is driving toward the ego car longitudinally. No lateral relative motion.
45.0,20052.0,Front-right,141.36,-143.48,136.86,-141.87,-5.51,0.0,-0.38,1.15,24.82,inf,Obstacle is driving toward the ego car longitudinally. No lateral relative motion.
45.0,20053.0,Front-right,137.7,-149.43,133.19,-147.82,-5.51,0.0,-0.38,1.15,24.15,inf,Obstacle is driving toward the ego car longitudinally. No lateral relative motion.
45.0,20054.0,Front-right,98.85,-44.29,94.34,-42.68,-2.85,-2.07,0.2,2.81,33.08,inf,Obstacle is driving toward the ego car longitudinally. Obstacle is moving away laterally to the right.
45.0,20055.0,Front-right,130.96,-160.39,126.46,-158.78,-5.48,0.05,-0.67,1.21,23.06,3298.88,Obstacle is driving toward the ego car longitudinally. Obstacle is driving toward the ego car laterally from the right.
45.0,20056.0,Front-right,125.93,-168.58,121.42,-166.97,-5.04,0.77,-1.06,1.3,24.08,217.85,Obstacle is driving toward the ego car longitudinally. Obstacle is driving toward the ego car laterally from the right.
45.0,20057.0,Front-right,175.77,-81.17,171.27,-79.56,-5.51,-0.0,-0.38,1.15,31.06,inf,Obstacle is driving toward the ego car longitudinally. No lateral relative motion.
45.0,20058.0,Front-right,121.26,-176.18,116.75,-174.57,-4.74,1.26,-0.47,1.17,24.62,139.05,Obstacle is driving toward the ego car longitudinally. Obstacle is driving toward the ego car laterally from the right.
45.0,20059.0,Front-right,85.07,-34.11,80.56,-32.5,0.08,-3.88,0.26,3.34,inf,inf,Obstacle is moving away longitudinally. Obstacle is moving away laterally to the right.
45.0,20060.0,Front-right,179.6,-75.22,175.09,-73.61,-5.69,-0.27,0.17,1.01,30.79,inf,Obstacle is driving toward the ego car longitudinally. Obstacle is moving away laterally to the right.
45.0,20061.0,Front-right,116.6,-183.75,112.1,-182.14,-4.91,0.98,-0.17,1.1,22.81,186.78,Obstacle is driving toward the ego car longitudinally. Obstacle is driving toward the ego car laterally from the right.
45.0,20062.0,Front-right,69.38,-23.61,64.87,-22.0,2.86,-5.37,0.16,3.3,inf,inf,Obstacle is moving away longitudinally. Obstacle is moving away laterally to the right.
45.0,20063.0,Front-right,49.12,-12.54,44.62,-10.93,5.67,-5.31,-0.25,2.28,inf,inf,Obstacle is moving away longitudinally. Obstacle is moving away laterally to the right.
45.0,20064.0,Front-right,112.3,-190.75,107.79,-189.14,-4.9,0.99,-0.69,1.22,21.98,190.79,Obstacle is driving toward the ego car longitudinally. Obstacle is driving toward the ego car laterally from the right.
45.0,20066.0,Front-right,104.7,-203.11,100.19,-201.5,-2.69,4.59,-2.37,1.61,37.23,43.88,Obstacle is driving toward the ego car longitudinally. Obstacle is driving toward the ego car laterally from the right.
46.0,20003.0,Front-right,156.78,-87.4,152.28,-85.79,-5.79,-0.0,-0.47,1.43,26.32,inf,Obstacle is driving toward the ego car longitudinally. No lateral relative motion.
46.0,20007.0,Front-right,150.97,-83.55,146.46,-81.94,-5.79,-0.0,-0.47,1.43,25.31,inf,Obstacle is driving toward the ego car longitudinally. No lateral relative motion.
46.0,20013.0,Front-right,145.25,-79.55,140.74,-77.94,-5.79,-0.0,-0.47,1.43,24.33,inf,Obstacle is driving toward the ego car longitudinally. No lateral relative motion.
46.0,20017.0,Front-right,139.58,-75.48,135.08,-73.87,-5.79,-0.0,-0.47,1.43,23.35,inf,Obstacle is driving toward the ego car longitudinally. No lateral relative motion.
46.0,20019.0,Front-right,133.98,-71.31,129.47,-69.7,-5.79,-0.0,-0.47,1.43,22.38,inf,Obstacle is driving toward the ego car longitudinally. No lateral relative motion.
46.0,20021.0,Front-right,128.4,-67.12,123.89,-65.51,-5.79,-0.0,-0.47,1.43,21.41,inf,Obstacle is driving toward the ego car longitudinally. No lateral relative motion.
46.0,20025.0,Front-right,122.88,-62.85,118.37,-61.24,-5.79,-0.0,-0.47,1.43,20.46,inf,Obstacle is driving toward the ego car longitudinally. No lateral relative motion.
46.0,20035.0,Front-right,117.35,-58.58,112.85,-56.97,-5.79,-0.0,-0.47,1.43,19.5,inf,Obstacle is driving toward the ego car longitudinally. No lateral relative motion.
46.0,20039.0,Front-right,111.83,-54.32,107.33,-52.71,-5.79,-0.0,-0.47,1.43,18.55,inf,Obstacle is driving toward the ego car longitudinally. No lateral relative motion.
46.0,20042.0,Rear-right,-48.08,-9.9,-43.57,-8.29,-19.49,-5.66,-0.49,1.45,inf,inf,Obstacle is moving away longitudinally. Obstacle is moving away laterally to the right.
46.0,20043.0,Rear-left,-9.93,3.45,-5.42,1.84,-20.28,-2.58,-0.51,1.49,inf,0.71,Obstacle is moving away longitudinally. Obstacle is driving toward the ego car laterally from the left.
46.0,20044.0,Front-right,33.66,-2.54,29.15,-0.93,-19.2,4.82,-0.47,1.56,1.52,0.19,Obstacle is driving toward the ego car longitudinally. Obstacle is driving toward the ego car laterally from the right.
46.0,20045.0,Front-right,163.55,-106.55,159.04,-104.94,-5.79,0.0,-0.47,1.43,27.49,inf,Obstacle is driving toward the ego car longitudinally. No lateral relative motion.
46.0,20047.0,Front-right,159.91,-112.51,155.4,-110.9,-5.79,0.0,-0.47,1.43,26.86,inf,Obstacle is driving toward the ego car longitudinally. No lateral relative motion.
46.0,20049.0,Front-right,153.22,-123.47,148.71,-121.86,-5.79,0.0,-0.47,1.43,25.7,inf,Obstacle is driving toward the ego car longitudinally. No lateral relative motion.
46.0,20050.0,Front-right,148.56,-131.1,144.06,-129.49,-5.79,0.0,-0.47,1.43,24.9,inf,Obstacle is driving toward the ego car longitudinally. No lateral relative motion.
46.0,20051.0,Front-right,144.92,-137.06,140.42,-135.45,-5.79,0.0,-0.47,1.43,24.27,inf,Obstacle is driving toward the ego car longitudinally. No lateral relative motion.
46.0,20052.0,Front-right,141.28,-143.02,136.77,-141.41,-5.79,0.0,-0.47,1.43,23.64,inf,Obstacle is driving toward the ego car longitudinally. No lateral relative motion.
46.0,20053.0,Front-right,137.64,-148.99,133.13,-147.38,-5.79,0.0,-0.47,1.43,23.01,inf,Obstacle is driving toward the ego car longitudinally. No lateral relative motion.
46.0,20054.0,Front-right,98.71,-44.17,94.2,-42.56,-3.26,-1.96,0.11,3.09,28.93,inf,Obstacle is driving toward the ego car longitudinally. Obstacle is moving away laterally to the right.
46.0,20055.0,Front-right,130.94,-159.97,126.43,-158.36,-5.77,0.02,-0.75,1.49,21.91,6721.92,Obstacle is driving toward the ego car longitudinally. Obstacle is driving toward the ego car laterally from the right.
46.0,20056.0,Front-right,125.97,-168.1,121.47,-166.49,-5.35,0.71,-1.14,1.58,22.69,234.81,Obstacle is driving toward the ego car longitudinally. Obstacle is driving toward the ego car laterally from the right.
46.0,20057.0,Front-right,175.49,-80.61,170.98,-79.0,-5.79,-0.0,-0.47,1.43,29.55,inf,Obstacle is driving toward the ego car longitudinally. No lateral relative motion.
46.0,20058.0,Front-right,121.36,-175.66,116.85,-174.05,-5.02,1.25,-0.55,1.44,23.27,139.17,Obstacle is driving toward the ego car longitudinally. Obstacle is driving toward the ego car laterally from the right.
46.0,20059.0,Front-right,85.19,-34.21,80.68,-32.6,-0.37,-3.73,0.17,3.62,217.33,inf,Obstacle is driving toward the ego car longitudinally. Obstacle is moving away laterally to the right.
46.0,20060.0,Front-right,179.28,-74.67,174.78,-73.06,-5.93,-0.22,0.08,1.29,29.49,inf,Obstacle is driving toward the ego car longitudinally. Obstacle is moving away laterally to the right.
46.0,20061.0,Front-right,116.71,-183.27,112.2,-181.66,-5.18,1.0,-0.25,1.37,21.67,182.36,Obstacle is driving toward the ego car longitudinally. Obstacle is driving toward the ego car laterally from the right.
46.0,20062.0,Front-right,69.74,-23.92,65.23,-22.31,2.41,-5.23,0.07,3.58,inf,inf,Obstacle is moving away longitudinally. Obstacle is moving away laterally to the right.
46.0,20063.0,Front-right,49.74,-12.9,45.23,-11.29,5.31,-5.23,-0.33,2.56,inf,inf,Obstacle is moving away longitudinally. Obstacle is moving away laterally to the right.
46.0,20064.0,Front-right,112.43,-190.29,107.92,-188.68,-5.2,0.97,-0.78,1.5,20.77,195.2,Obstacle is driving toward the ego car longitudinally. Obstacle is driving toward the ego car laterally from the right.
46.0,20066.0,Front-right,105.08,-202.32,100.58,-200.71,-3.08,4.43,-2.46,1.89,32.62,45.33,Obstacle is driving toward the ego car longitudinally. Obstacle is driving toward the ego car laterally from the right.
47.0,20003.0,Front-right,157.27,-85.5,152.76,-83.89,-6.11,-0.0,-0.53,1.65,24.99,inf,Obstacle is driving toward the ego car longitudinally. No lateral relative motion.
47.0,20007.0,Front-right,151.41,-81.72,146.9,-80.11,-6.11,-0.0,-0.53,1.65,24.04,inf,Obstacle is driving toward the ego car longitudinally. No lateral relative motion.
47.0,20013.0,Front-right,145.64,-77.78,141.13,-76.17,-6.11,-0.0,-0.53,1.65,23.09,inf,Obstacle is driving toward the ego car longitudinally. No lateral relative motion.
47.0,20017.0,Front-right,139.92,-73.78,135.42,-72.17,-6.11,-0.0,-0.53,1.65,22.16,inf,Obstacle is driving toward the ego car longitudinally. No lateral relative motion.
47.0,20019.0,Front-right,134.27,-69.68,129.76,-68.07,-6.11,-0.0,-0.53,1.65,21.23,inf,Obstacle is driving toward the ego car longitudinally. No lateral relative motion.
47.0,20021.0,Front-right,128.64,-65.56,124.13,-63.95,-6.11,-0.0,-0.53,1.65,20.31,inf,Obstacle is driving toward the ego car longitudinally. No lateral relative motion.
47.0,20025.0,Front-right,123.06,-61.36,118.56,-59.75,-6.11,-0.0,-0.53,1.65,19.4,inf,Obstacle is driving toward the ego car longitudinally. No lateral relative motion.
47.0,20035.0,Front-right,117.49,-57.16,112.98,-55.55,-6.11,-0.0,-0.53,1.65,18.49,inf,Obstacle is driving toward the ego car longitudinally. No lateral relative motion.
47.0,20039.0,Front-right,111.92,-52.96,107.41,-51.35,-6.11,-0.0,-0.53,1.65,17.57,inf,Obstacle is driving toward the ego car longitudinally. No lateral relative motion.
47.0,20042.0,Rear-right,-49.89,-11.07,-45.38,-9.46,-19.75,-5.83,-0.54,1.67,inf,inf,Obstacle is moving away longitudinally. Obstacle is moving away laterally to the right.
47.0,20043.0,Rear-left,-12.0,3.05,-7.49,1.44,-20.58,-2.76,-0.56,1.72,inf,0.52,Obstacle is moving away longitudinally. Obstacle is driving toward the ego car laterally from the left.
47.0,20044.0,Front-right,31.75,-1.67,27.25,-0.06,-19.81,3.98,-0.53,1.77,1.38,0.02,Obstacle is driving toward the ego car longitudinally. Obstacle is driving toward the ego car laterally from the right.
47.0,20045.0,Front-right,164.26,-104.56,159.75,-102.95,-6.11,0.0,-0.53,1.65,26.14,inf,Obstacle is driving toward the ego car longitudinally. No lateral relative motion.
47.0,20047.0,Front-right,160.7,-110.56,156.19,-108.95,-6.11,0.0,-0.53,1.65,25.56,inf,Obstacle is driving toward the ego car longitudinally. No lateral relative motion.
47.0,20049.0,Front-right,154.14,-121.6,149.63,-119.99,-6.11,0.0,-0.53,1.65,24.48,inf,Obstacle is driving toward the ego car longitudinally. No lateral relative motion.
47.0,20050.0,Front-right,149.58,-129.29,145.07,-127.68,-6.11,0.0,-0.53,1.65,23.74,inf,Obstacle is driving toward the ego car longitudinally. No lateral relative motion.
47.0,20051.0,Front-right,146.01,-135.29,141.5,-133.68,-6.11,0.0,-0.53,1.65,23.15,inf,Obstacle is driving toward the ego car longitudinally. No lateral relative motion.
47.0,20052.0,Front-right,142.44,-141.3,137.93,-139.69,-6.11,0.0,-0.53,1.65,22.57,inf,Obstacle is driving toward the ego car longitudinally. No lateral relative motion.
47.0,20053.0,Front-right,138.87,-147.31,134.36,-145.7,-6.11,0.0,-0.53,1.65,21.98,inf,Obstacle is driving toward the ego car longitudinally. No lateral relative motion.
47.0,20054.0,Front-right,98.92,-43.16,94.41,-41.55,-3.7,-1.82,0.06,3.32,25.52,inf,Obstacle is driving toward the ego car longitudinally. Obstacle is moving away laterally to the right.
47.0,20055.0,Front-right,132.3,-158.37,127.8,-156.76,-6.11,0.0,-0.53,1.65,20.91,inf,Obstacle is driving toward the ego car longitudinally. No lateral relative motion.
47.0,20056.0,Front-right,127.48,-166.49,122.97,-164.88,-5.72,0.65,-1.2,1.81,21.49,251.8,Obstacle is driving toward the ego car longitudinally. Obstacle is driving toward the ego car laterally from the right.
47.0,20057.0,Front-right,175.89,-78.48,171.38,-76.87,-6.11,-0.0,-0.53,1.65,28.04,inf,Obstacle is driving toward the ego car longitudinally. No lateral relative motion.
47.0,20058.0,Front-right,122.98,-174.06,118.48,-172.45,-5.37,1.25,-0.61,1.67,22.07,137.68,Obstacle is driving toward the ego car longitudinally. Obstacle is driving toward the ego car laterally from the right.
47.0,20059.0,Front-right,85.57,-33.54,81.06,-31.93,-0.84,-3.54,0.11,3.85,96.29,inf,Obstacle is driving toward the ego car longitudinally. Obstacle is moving away laterally to the right.
47.0,20060.0,Front-right,179.6,-72.51,175.09,-70.9,-6.22,-0.17,0.03,1.52,28.15,inf,Obstacle is driving toward the ego car longitudinally. Obstacle is moving away laterally to the right.
47.0,20061.0,Front-right,118.42,-181.75,113.91,-180.14,-5.5,1.02,-0.31,1.6,20.69,176.13,Obstacle is driving toward the ego car longitudinally. Obstacle is driving toward the ego car laterally from the right.
47.0,20062.0,Front-right,70.28,-23.58,65.77,-21.97,1.96,-5.01,0.02,3.81,inf,inf,Obstacle is moving away longitudinally. Obstacle is moving away laterally to the right.
47.0,20063.0,Front-right,50.44,-12.81,45.93,-11.2,4.94,-5.05,-0.39,2.79,inf,inf,Obstacle is moving away longitudinally. Obstacle is moving away laterally to the right.
47.0,20064.0,Front-right,114.22,-188.82,109.71,-187.21,-5.55,0.95,-0.83,1.73,19.77,197.74,Obstacle is driving toward the ego car longitudinally. Obstacle is driving toward the ego car laterally from the right.
47.0,20066.0,Front-right,107.22,-200.59,102.71,-198.98,-3.57,4.28,-2.51,2.12,28.8,46.44,Obstacle is driving toward the ego car longitudinally. Obstacle is driving toward the ego car laterally from the right.
48.0,20003.0,Front-right,157.53,-83.91,153.02,-82.3,-6.38,-0.0,-0.52,1.71,23.97,inf,Obstacle is driving toward the ego car longitudinally. No lateral relative motion.
48.0,20007.0,Front-right,151.63,-80.19,147.12,-78.58,-6.38,-0.0,-0.52,1.71,23.05,inf,Obstacle is driving toward the ego car longitudinally. No lateral relative motion.
48.0,20013.0,Front-right,145.82,-76.31,141.31,-74.7,-6.38,-0.0,-0.52,1.71,22.14,inf,Obstacle is driving toward the ego car longitudinally. No lateral relative motion.
48.0,20017.0,Front-right,140.07,-72.37,135.56,-70.76,-6.38,-0.0,-0.52,1.71,21.23,inf,Obstacle is driving toward the ego car longitudinally. No lateral relative motion.
48.0,20019.0,Front-right,134.37,-68.33,129.86,-66.72,-6.38,-0.0,-0.52,1.71,20.34,inf,Obstacle is driving toward the ego car longitudinally. No lateral relative motion.
48.0,20021.0,Front-right,128.7,-64.26,124.19,-62.65,-6.38,-0.0,-0.52,1.71,19.45,inf,Obstacle is driving toward the ego car longitudinally. No lateral relative motion.
48.0,20025.0,Front-right,123.08,-60.12,118.57,-58.51,-6.38,-0.0,-0.52,1.71,18.57,inf,Obstacle is driving toward the ego car longitudinally. No lateral relative motion.
48.0,20035.0,Front-right,117.47,-55.97,112.96,-54.36,-6.38,-0.0,-0.52,1.71,17.69,inf,Obstacle is driving toward the ego car longitudinally. No lateral relative motion.
48.0,20039.0,Front-right,111.85,-51.83,107.35,-50.22,-6.38,-0.0,-0.52,1.71,16.82,inf,Obstacle is driving toward the ego car longitudinally. No lateral relative motion.
48.0,20042.0,Rear-right,-51.75,-12.11,-47.25,-10.5,-20.2,-5.38,-0.54,1.73,inf,inf,Obstacle is moving away longitudinally. Obstacle is moving away laterally to the right.
48.0,20043.0,Rear-left,-14.08,2.64,-9.57,1.03,-20.83,-2.91,-0.56,1.78,inf,0.35,Obstacle is moving away longitudinally. Obstacle is driving toward the ego car laterally from the left.
48.0,20044.0,Front,29.79,-0.96,25.28,0.0,-20.13,3.85,-0.53,1.82,1.26,0.0,Obstacle is driving toward the ego car longitudinally. Exact lateral alignment or unknown case.
48.0,20045.0,Front-right,164.71,-102.9,160.2,-101.29,-6.38,0.0,-0.52,1.71,25.1,inf,Obstacle is driving toward the ego car longitudinally. No lateral relative motion.
48.0,20047.0,Front-right,161.21,-108.94,156.7,-107.33,-6.38,0.0,-0.52,1.71,24.55,inf,Obstacle is driving toward the ego car longitudinally. No lateral relative motion.
48.0,20049.0,Front-right,154.76,-120.04,150.25,-118.43,-6.38,0.0,-0.52,1.71,23.54,inf,Obstacle is driving toward the ego car longitudinally. No lateral relative motion.
48.0,20050.0,Front-right,150.28,-127.77,145.77,-126.16,-6.38,0.0,-0.52,1.71,22.83,inf,Obstacle is driving toward the ego car longitudinally. No lateral relative motion.
48.0,20051.0,Front-right,146.77,-133.81,142.26,-132.2,-6.38,0.0,-0.52,1.71,22.28,inf,Obstacle is driving toward the ego car longitudinally. No lateral relative motion.
48.0,20052.0,Front-right,143.26,-139.86,138.75,-138.25,-6.38,0.0,-0.52,1.71,21.74,inf,Obstacle is driving toward the ego car longitudinally. No lateral relative motion.
48.0,20053.0,Front-right,139.75,-145.91,135.24,-144.3,-6.38,0.0,-0.52,1.71,21.19,inf,Obstacle is driving toward the ego car longitudinally. No lateral relative motion.
48.0,20054.0,Front-right,98.99,-42.34,94.48,-40.73,-4.09,-1.69,0.06,3.37,23.07,inf,Obstacle is driving toward the ego car longitudinally. Obstacle is moving away laterally to the right.
48.0,20055.0,Front-right,133.3,-157.03,128.79,-155.42,-6.38,0.0,-0.52,1.71,20.17,inf,Obstacle is driving toward the ego car longitudinally. No lateral relative motion.
48.0,20056.0,Front-right,128.59,-165.14,124.08,-163.53,-6.04,0.6,-1.2,1.87,20.56,272.98,Obstacle is driving toward the ego car longitudinally. Obstacle is driving toward the ego car laterally from the right.
48.0,20057.0,Front-right,176.08,-76.7,171.57,-75.09,-6.38,-0.0,-0.52,1.71,26.88,inf,Obstacle is driving toward the ego car longitudinally. No lateral relative motion.
48.0,20058.0,Front-right,124.21,-172.68,119.7,-171.07,-5.66,1.25,-0.61,1.73,21.16,136.56,Obstacle is driving toward the ego car longitudinally. Obstacle is driving toward the ego car laterally from the right.
48.0,20059.0,Front-right,85.82,-33.03,81.32,-31.42,-1.38,-3.52,0.18,3.88,59.1,inf,Obstacle is driving toward the ego car longitudinally. Obstacle is moving away laterally to the right.
48.0,20060.0,Front-right,179.72,-70.71,175.21,-69.1,-6.46,-0.13,0.03,1.57,27.12,inf,Obstacle is driving toward the ego car longitudinally. Obstacle is moving away laterally to the right.
48.0,20061.0,Front-right,119.71,-180.44,115.2,-178.83,-5.78,1.05,-0.31,1.66,19.95,170.6,Obstacle is driving toward the ego car longitudinally. Obstacle is driving toward the ego car laterally from the right.
48.0,20062.0,Front-right,70.72,-23.36,66.21,-21.75,1.55,-4.81,0.02,3.86,inf,inf,Obstacle is moving away longitudinally. Obstacle is moving away laterally to the right.
48.0,20063.0,Front-right,51.07,-12.79,46.57,-11.18,4.62,-4.89,-0.39,2.84,inf,inf,Obstacle is moving away longitudinally. Obstacle is moving away laterally to the right.
48.0,20064.0,Front-right,115.57,-187.56,111.07,-185.95,-5.85,0.93,-0.83,1.78,19.0,200.97,Obstacle is driving toward the ego car longitudinally. Obstacle is driving toward the ego car laterally from the right.
48.0,20066.0,Front-right,108.89,-199.08,104.38,-197.47,-3.98,4.13,-2.51,2.17,26.2,47.76,Obstacle is driving toward the ego car longitudinally. Obstacle is driving toward the ego car laterally from the right.
49.0,20003.0,Front-right,157.59,-82.6,153.09,-80.99,-6.82,-0.0,-0.72,2.41,22.44,inf,Obstacle is driving toward the ego car longitudinally. No lateral relative motion.
49.0,20007.0,Front-right,151.67,-78.92,147.16,-77.31,-6.82,-0.0,-0.72,2.41,21.57,inf,Obstacle is driving toward the ego car longitudinally. No lateral relative motion.
49.0,20013.0,Front-right,145.83,-75.1,141.32,-73.49,-6.82,-0.0,-0.72,2.41,20.71,inf,Obstacle is driving toward the ego car longitudinally. No lateral relative motion.
49.0,20017.0,Front-right,140.04,-71.2,135.53,-69.59,-6.82,-0.0,-0.72,2.41,19.86,inf,Obstacle is driving toward the ego car longitudinally. No lateral relative motion.
49.0,20019.0,Front-right,134.31,-67.21,129.8,-65.6,-6.82,-0.0,-0.72,2.41,19.02,inf,Obstacle is driving toward the ego car longitudinally. No lateral relative motion.
49.0,20021.0,Front-right,128.6,-63.19,124.1,-61.58,-6.82,-0.0,-0.72,2.41,18.19,inf,Obstacle is driving toward the ego car longitudinally. No lateral relative motion.
49.0,20025.0,Front-right,122.95,-59.09,118.45,-57.48,-6.82,-0.0,-0.72,2.41,17.36,inf,Obstacle is driving toward the ego car longitudinally. No lateral relative motion.
49.0,20035.0,Front-right,117.3,-54.99,112.79,-53.38,-6.82,-0.0,-0.72,2.41,16.53,inf,Obstacle is driving toward the ego car longitudinally. No lateral relative motion.
49.0,20039.0,Front-right,111.66,-50.9,107.15,-49.29,-6.82,-0.0,-0.72,2.41,15.7,inf,Obstacle is driving toward the ego car longitudinally. No lateral relative motion.
49.0,20042.0,Rear-right,-53.66,-13.09,-49.15,-11.48,-20.6,-5.5,-0.73,2.43,inf,inf,Obstacle is moving away longitudinally. Obstacle is moving away laterally to the right.
49.0,20043.0,Rear-left,-16.16,2.14,-11.65,0.53,-21.02,-4.0,-0.76,2.47,inf,0.13,Obstacle is moving away longitudinally. Obstacle is driving toward the ego car laterally from the left.
49.0,20044.0,Front,27.78,-0.34,23.27,0.0,-20.61,3.74,-0.72,2.52,1.13,0.0,Obstacle is driving toward the ego car longitudinally. Exact lateral alignment or unknown case.
49.0,20045.0,Front-right,164.94,-101.53,160.43,-99.92,-6.82,0.0,-0.72,2.41,23.51,inf,Obstacle is driving toward the ego car longitudinally. No lateral relative motion.
49.0,20047.0,Front-right,161.48,-107.6,156.98,-105.99,-6.82,0.0,-0.72,2.41,23.01,inf,Obstacle is driving toward the ego car longitudinally. No lateral relative motion.
49.0,20049.0,Front-right,155.13,-118.75,150.62,-117.14,-6.82,0.0,-0.72,2.41,22.08,inf,Obstacle is driving toward the ego car longitudinally. No lateral relative motion.
49.0,20050.0,Front-right,150.71,-126.52,146.2,-124.91,-6.82,0.0,-0.72,2.41,21.43,inf,Obstacle is driving toward the ego car longitudinally. No lateral relative motion.
49.0,20051.0,Front-right,147.25,-132.59,142.75,-130.98,-6.82,0.0,-0.72,2.41,20.92,inf,Obstacle is driving toward the ego car longitudinally. No lateral relative motion.
49.0,20052.0,Front-right,143.8,-138.66,139.29,-137.05,-6.82,0.0,-0.72,2.41,20.41,inf,Obstacle is driving toward the ego car longitudinally. No lateral relative motion.
49.0,20053.0,Front-right,140.34,-144.74,135.83,-143.13,-6.82,0.0,-0.72,2.41,19.91,inf,Obstacle is driving toward the ego car longitudinally. No lateral relative motion.
49.0,20054.0,Front-right,98.94,-41.68,94.43,-40.07,-4.65,-1.58,-0.2,3.89,20.32,inf,Obstacle is driving toward the ego car longitudinally. Obstacle is moving away laterally to the right.
49.0,20055.0,Front-right,133.97,-155.91,129.47,-154.3,-6.82,0.0,-0.72,2.41,18.97,inf,Obstacle is driving toward the ego car longitudinally. No lateral relative motion.
49.0,20056.0,Front-right,129.37,-164.0,124.86,-162.39,-6.51,0.55,-1.34,2.56,19.17,297.37,Obstacle is driving toward the ego car longitudinally. Obstacle is driving toward the ego car laterally from the right.
49.0,20057.0,Front-right,176.09,-75.24,171.58,-73.63,-6.82,-0.0,-0.72,2.41,25.15,inf,Obstacle is driving toward the ego car longitudinally. No lateral relative motion.
49.0,20058.0,Front-right,125.09,-171.52,120.58,-169.91,-6.12,1.23,-1.03,2.48,19.7,138.01,Obstacle is driving toward the ego car longitudinally. Obstacle is driving toward the ego car laterally from the right.
49.0,20059.0,Front-right,85.97,-32.65,81.46,-31.04,-1.97,-3.35,-0.04,4.48,41.44,inf,Obstacle is driving toward the ego car longitudinally. Obstacle is moving away laterally to the right.
49.0,20060.0,Front-right,179.67,-69.23,175.16,-67.62,-6.88,-0.1,-0.38,2.33,25.45,inf,Obstacle is driving toward the ego car longitudinally. Obstacle is moving away laterally to the right.
49.0,20061.0,Front-right,120.64,-179.33,116.13,-177.72,-6.21,1.07,-0.52,2.36,18.69,165.9,Obstacle is driving toward the ego car longitudinally. Obstacle is driving toward the ego car laterally from the right.
49.0,20062.0,Front-right,71.08,-23.24,66.57,-21.63,0.95,-4.63,-0.15,4.65,inf,inf,Obstacle is moving away longitudinally. Obstacle is moving away laterally to the right.
49.0,20063.0,Front-right,51.64,-12.86,47.14,-11.25,3.84,-5.22,-0.44,4.06,inf,inf,Obstacle is moving away longitudinally. Obstacle is moving away laterally to the right.
49.0,20064.0,Front-right,116.56,-186.5,112.05,-184.89,-6.3,0.92,-0.83,2.44,17.79,201.15,Obstacle is driving toward the ego car longitudinally. Obstacle is driving toward the ego car laterally from the right.
49.0,20066.0,Front-right,110.15,-197.76,105.64,-196.15,-4.55,4.0,-2.45,2.82,23.24,49.05,Obstacle is driving toward the ego car longitudinally. Obstacle is driving toward the ego car laterally from the right.
50.0,20003.0,Front-right,158.59,-79.36,154.08,-77.75,-7.39,-0.0,-0.81,2.94,20.85,inf,Obstacle is driving toward the ego car longitudinally. No lateral relative motion.
50.0,20007.0,Front-right,152.59,-75.81,148.08,-74.2,-7.39,-0.0,-0.81,2.94,20.04,inf,Obstacle is driving toward the ego car longitudinally. No lateral relative motion.
50.0,20013.0,Front-right,146.68,-72.1,142.17,-70.49,-7.39,-0.0,-0.81,2.94,19.24,inf,Obstacle is driving toward the ego car longitudinally. No lateral relative motion.
50.0,20017.0,Front-right,140.81,-68.32,136.3,-66.71,-7.39,-0.0,-0.81,2.94,18.44,inf,Obstacle is driving toward the ego car longitudinally. No lateral relative motion.
50.0,20019.0,Front-right,135.0,-64.45,130.49,-62.84,-7.39,-0.0,-0.81,2.94,17.66,inf,Obstacle is driving toward the ego car longitudinally. No lateral relative motion.
50.0,20021.0,Front-right,129.21,-60.54,124.7,-58.93,-7.39,-0.0,-0.81,2.94,16.87,inf,Obstacle is driving toward the ego car longitudinally. No lateral relative motion.
50.0,20025.0,Front-right,123.48,-56.56,118.97,-54.95,-7.39,-0.0,-0.81,2.94,16.1,inf,Obstacle is driving toward the ego car longitudinally. No lateral relative motion.
50.0,20035.0,Front-right,117.74,-52.58,113.24,-50.97,-7.39,-0.0,-0.81,2.94,15.32,inf,Obstacle is driving toward the ego car longitudinally. No lateral relative motion.
50.0,20039.0,Front-right,112.02,-48.6,107.51,-46.99,-7.39,-0.0,-0.81,2.94,14.55,inf,Obstacle is driving toward the ego car longitudinally. No lateral relative motion.
50.0,20042.0,Rear-right,-55.41,-14.77,-50.9,-13.16,-21.05,-5.78,-0.82,2.95,inf,inf,Obstacle is moving away longitudinally. Obstacle is moving away laterally to the right.
50.0,20043.0,Behind,-18.28,1.37,-13.77,0.0,-21.51,-4.29,-0.85,3.0,inf,0.0,Obstacle is moving away longitudinally. Exact lateral alignment or unknown case.
50.0,20044.0,Front,25.72,0.58,21.21,0.0,-21.26,3.46,-0.81,3.05,1.0,0.0,Obstacle is driving toward the ego car longitudinally. Exact lateral alignment or unknown case.
50.0,20045.0,Front-right,166.32,-98.13,161.81,-96.52,-7.39,0.0,-0.81,2.94,21.9,inf,Obstacle is driving toward the ego car longitudinally. No lateral relative motion.
50.0,20047.0,Front-right,162.99,-104.27,158.48,-102.66,-7.39,0.0,-0.81,2.94,21.45,inf,Obstacle is driving toward the ego car longitudinally. No lateral relative motion.
50.0,20049.0,Front-right,156.87,-115.56,152.36,-113.95,-7.39,0.0,-0.81,2.94,20.62,inf,Obstacle is driving toward the ego car longitudinally. No lateral relative motion.
50.0,20050.0,Front-right,152.61,-123.41,148.1,-121.8,-7.39,0.0,-0.81,2.94,20.04,inf,Obstacle is driving toward the ego car longitudinally. No lateral relative motion.
50.0,20051.0,Front-right,149.28,-129.55,144.77,-127.94,-7.39,0.0,-0.81,2.94,19.59,inf,Obstacle is driving toward the ego car longitudinally. No lateral relative motion.
50.0,20052.0,Front-right,145.94,-135.69,141.44,-134.08,-7.39,0.0,-0.81,2.94,19.14,inf,Obstacle is driving toward the ego car longitudinally. No lateral relative motion.
50.0,20053.0,Front-right,142.61,-141.84,138.1,-140.23,-7.39,0.0,-0.81,2.94,18.69,inf,Obstacle is driving toward the ego car longitudinally. No lateral relative motion.
50.0,20054.0,Front-right,99.33,-39.79,94.82,-38.18,-5.31,-1.44,-0.29,4.42,17.85,inf,Obstacle is driving toward the ego car longitudinally. Obstacle is moving away laterally to the right.
50.0,20055.0,Front-right,136.48,-153.14,131.97,-151.53,-7.39,0.0,-0.81,2.94,17.86,inf,Obstacle is driving toward the ego car longitudinally. No lateral relative motion.
50.0,20056.0,Front-right,132.06,-161.27,127.56,-159.66,-7.12,0.5,-1.43,3.08,17.91,321.89,Obstacle is driving toward the ego car longitudinally. Obstacle is driving toward the ego car laterally from the right.
50.0,20057.0,Front-right,176.93,-71.62,172.42,-70.01,-7.39,-0.0,-0.81,2.94,23.33,inf,Obstacle is driving toward the ego car longitudinally. No lateral relative motion.
50.0,20058.0,Front-right,127.98,-168.8,123.47,-167.19,-6.73,1.22,-1.12,3.01,18.35,137.34,Obstacle is driving toward the ego car longitudinally. Obstacle is driving toward the ego car laterally from the right.
50.0,20059.0,Front-right,86.44,-31.21,81.93,-29.6,-2.65,-3.13,-0.13,5.01,30.96,inf,Obstacle is driving toward the ego car longitudinally. Obstacle is moving away laterally to the right.
50.0,20060.0,Front-right,180.38,-65.54,175.87,-63.93,-7.43,-0.07,-0.47,2.85,23.67,inf,Obstacle is driving toward the ego car longitudinally. Obstacle is moving away laterally to the right.
50.0,20061.0,Front-right,123.68,-176.72,119.18,-175.11,-6.79,1.1,-0.61,2.89,17.55,158.95,Obstacle is driving toward the ego car longitudinally. Obstacle is driving toward the ego car laterally from the right.
50.0,20062.0,Front-right,71.65,-22.22,67.15,-20.61,0.28,-4.35,-0.24,5.18,inf,inf,Obstacle is moving away longitudinally. Obstacle is moving away laterally to the right.
50.0,20063.0,Front-right,52.31,-12.29,47.8,-10.68,3.23,-4.93,-0.53,4.59,inf,inf,Obstacle is moving away longitudinally. Obstacle is moving away laterally to the right.
50.0,20064.0,Front-right,119.74,-183.99,115.23,-182.38,-6.89,0.92,-0.93,2.96,16.72,198.44,Obstacle is driving toward the ego car longitudinally. Obstacle is driving toward the ego car laterally from the right.
50.0,20066.0,Front-right,113.73,-195.07,109.22,-193.46,-5.28,3.89,-2.55,3.34,20.68,49.76,Obstacle is driving toward the ego car longitudinally. Obstacle is driving toward the ego car laterally from the right.
51.0,20003.0,Front-right,158.91,-77.27,154.4,-75.66,-7.68,-0.0,-0.35,1.34,20.1,inf,Obstacle is driving toward the ego car longitudinally. No lateral relative motion.
51.0,20007.0,Front-right,152.86,-73.8,148.35,-72.19,-7.68,-0.0,-0.35,1.34,19.32,inf,Obstacle is driving toward the ego car longitudinally. No lateral relative motion.
51.0,20013.0,Front-right,146.9,-70.17,142.39,-68.56,-7.68,-0.0,-0.35,1.34,18.54,inf,Obstacle is driving toward the ego car longitudinally. No lateral relative motion.
51.0,20017.0,Front-right,140.98,-66.47,136.47,-64.86,-7.68,-0.0,-0.35,1.34,17.77,inf,Obstacle is driving toward the ego car longitudinally. No lateral relative motion.
51.0,20019.0,Front-right,135.12,-62.67,130.61,-61.06,-7.68,-0.0,-0.35,1.34,17.01,inf,Obstacle is driving toward the ego car longitudinally. No lateral relative motion.
51.0,20021.0,Front-right,129.28,-58.85,124.78,-57.24,-7.68,-0.0,-0.35,1.34,16.25,inf,Obstacle is driving toward the ego car longitudinally. No lateral relative motion.
51.0,20025.0,Front-right,123.5,-54.94,118.99,-53.33,-7.68,-0.0,-0.35,1.34,15.49,inf,Obstacle is driving toward the ego car longitudinally. No lateral relative motion.
51.0,20035.0,Front-right,117.71,-51.03,113.21,-49.42,-7.68,-0.0,-0.35,1.34,14.74,inf,Obstacle is driving toward the ego car longitudinally. No lateral relative motion.
51.0,20039.0,Front-right,111.93,-47.13,107.42,-45.52,-7.68,-0.0,-0.35,1.34,13.99,inf,Obstacle is driving toward the ego car longitudinally. No lateral relative motion.
51.0,20042.0,Rear-right,-57.28,-16.09,-52.77,-14.48,-21.27,-5.96,-0.36,1.35,inf,inf,Obstacle is moving away longitudinally. Obstacle is moving away laterally to the right.
51.0,20043.0,Behind,-20.42,0.68,-15.92,0.0,-21.74,-4.47,-0.38,1.39,inf,0.0,Obstacle is moving away longitudinally. Exact lateral alignment or unknown case.
51.0,20044.0,Front,23.59,1.25,19.08,0.0,-21.61,3.28,-0.35,1.45,0.88,0.0,Obstacle is driving toward the ego car longitudinally. Exact lateral alignment or unknown case.
51.0,20045.0,Front-right,166.88,-95.95,162.38,-94.34,-7.68,0.0,-0.35,1.34,21.14,inf,Obstacle is driving toward the ego car longitudinally. No lateral relative motion.
51.0,20047.0,Front-right,163.63,-102.13,159.13,-100.52,-7.68,0.0,-0.35,1.34,20.72,inf,Obstacle is driving toward the ego car longitudinally. No lateral relative motion.
51.0,20049.0,Front-right,157.66,-113.49,153.15,-111.88,-7.68,0.0,-0.35,1.34,19.94,inf,Obstacle is driving toward the ego car longitudinally. No lateral relative motion.
51.0,20050.0,Front-right,153.5,-121.4,148.99,-119.79,-7.68,0.0,-0.35,1.34,19.4,inf,Obstacle is driving toward the ego car longitudinally. No lateral relative motion.
51.0,20051.0,Front-right,150.25,-127.58,145.74,-125.97,-7.68,0.0,-0.35,1.34,18.98,inf,Obstacle is driving toward the ego car longitudinally. No lateral relative motion.
51.0,20052.0,Front-right,147.0,-133.77,142.49,-132.16,-7.68,0.0,-0.35,1.34,18.55,inf,Obstacle is driving toward the ego car longitudinally. No lateral relative motion.
51.0,20053.0,Front-right,143.74,-139.96,139.24,-138.35,-7.68,0.0,-0.35,1.34,18.13,inf,Obstacle is driving toward the ego car longitudinally. No lateral relative motion.
51.0,20054.0,Front-right,99.33,-38.62,94.83,-37.01,-5.71,-1.33,0.17,2.82,16.6,inf,Obstacle is driving toward the ego car longitudinally. Obstacle is moving away laterally to the right.
51.0,20055.0,Front-right,137.76,-151.34,133.25,-149.73,-7.68,0.0,-0.35,1.34,17.35,inf,Obstacle is driving toward the ego car longitudinally. No lateral relative motion.
51.0,20056.0,Front-right,133.48,-159.48,128.97,-157.87,-7.45,0.44,-0.97,1.48,17.32,356.56,Obstacle is driving toward the ego car longitudinally. Obstacle is driving toward the ego car laterally from the right.
51.0,20057.0,Front-right,177.14,-69.29,172.63,-67.68,-7.68,-0.0,-0.35,1.34,22.48,inf,Obstacle is driving toward the ego car longitudinally. No lateral relative motion.
51.0,20058.0,Front-right,129.53,-166.99,125.03,-165.38,-7.05,1.2,-0.66,1.41,17.73,138.05,Obstacle is driving toward the ego car longitudinally. Obstacle is driving toward the ego car laterally from the right.
51.0,20059.0,Front-right,86.6,-30.37,82.09,-28.76,-3.08,-2.95,0.33,3.41,26.65,inf,Obstacle is driving toward the ego car longitudinally. Obstacle is moving away laterally to the right.
51.0,20060.0,Front-right,180.51,-63.18,176.01,-61.57,-7.7,-0.04,-0.02,1.25,22.85,inf,Obstacle is driving toward the ego car longitudinally. Obstacle is moving away laterally to the right.
51.0,20061.0,Front-right,125.34,-174.97,120.83,-173.36,-7.09,1.13,-0.15,1.29,17.05,153.73,Obstacle is driving toward the ego car longitudinally. Obstacle is driving toward the ego car laterally from the right.
51.0,20062.0,Front-right,71.99,-21.7,67.48,-20.09,-0.16,-4.14,0.22,3.58,422.78,inf,Obstacle is driving toward the ego car longitudinally. Obstacle is moving away laterally to the right.
51.0,20063.0,Front-right,52.81,-12.08,48.3,-10.47,2.85,-4.72,-0.07,2.99,inf,inf,Obstacle is moving away longitudinally. Obstacle is moving away laterally to the right.
51.0,20064.0,Front-right,121.48,-182.31,116.97,-180.7,-7.2,0.91,-0.47,1.36,16.25,197.53,Obstacle is driving toward the ego car longitudinally. Obstacle is driving toward the ego car laterally from the right.
51.0,20066.0,Front-right,115.76,-193.18,111.26,-191.57,-5.71,3.76,-2.09,1.74,19.5,50.99,Obstacle is driving toward the ego car longitudinally. Obstacle is driving toward the ego car laterally from the right.
52.0,20003.0,Front-right,159.22,-75.03,154.72,-73.42,-7.95,-0.0,-0.33,1.32,19.45,inf,Obstacle is driving toward the ego car longitudinally. No lateral relative motion.
52.0,20007.0,Front-right,153.13,-71.64,148.62,-70.03,-7.95,-0.0,-0.33,1.32,18.69,inf,Obstacle is driving toward the ego car longitudinally. No lateral relative motion.
52.0,20013.0,Front-right,147.12,-68.1,142.61,-66.49,-7.95,-0.0,-0.33,1.32,17.93,inf,Obstacle is driving toward the ego car longitudinally. No lateral relative motion.
52.0,20017.0,Front-right,141.15,-64.48,136.64,-62.87,-7.95,-0.0,-0.33,1.32,17.18,inf,Obstacle is driving toward the ego car longitudinally. No lateral relative motion.
52.0,20019.0,Front-right,135.24,-60.77,130.73,-59.16,-7.95,-0.0,-0.33,1.32,16.44,inf,Obstacle is driving toward the ego car longitudinally. No lateral relative motion.
52.0,20021.0,Front-right,129.34,-57.02,124.84,-55.41,-7.95,-0.0,-0.33,1.32,15.7,inf,Obstacle is driving toward the ego car longitudinally. No lateral relative motion.
52.0,20025.0,Front-right,123.5,-53.2,119.0,-51.59,-7.95,-0.0,-0.33,1.32,14.96,inf,Obstacle is driving toward the ego car longitudinally. No lateral relative motion.
52.0,20035.0,Front-right,117.67,-49.37,113.16,-47.76,-7.95,-0.0,-0.33,1.32,14.23,inf,Obstacle is driving toward the ego car longitudinally. No lateral relative motion.
52.0,20039.0,Front-right,111.83,-45.55,107.32,-43.94,-7.95,-0.0,-0.33,1.32,13.5,inf,Obstacle is driving toward the ego car longitudinally. No lateral relative motion.
52.0,20042.0,Rear-right,-59.15,-17.51,-54.65,-15.9,-21.46,-6.15,-0.34,1.34,inf,inf,Obstacle is moving away longitudinally. Obstacle is moving away laterally to the right.
52.0,20043.0,Behind,-22.59,-0.1,-18.08,0.0,-21.64,-5.54,-0.36,1.37,inf,0.0,Obstacle is moving away longitudinally. Exact lateral alignment or unknown case.
52.0,20044.0,Front-left,21.4,1.87,16.9,0.26,-22.07,2.38,-0.33,1.42,0.77,inf,Obstacle is driving toward the ego car longitudinally. Obstacle is moving away laterally to the left.
52.0,20045.0,Front-right,167.46,-93.59,162.95,-91.98,-7.95,0.0,-0.33,1.32,20.49,inf,Obstacle is driving toward the ego car longitudinally. No lateral relative motion.
52.0,20047.0,Front-right,164.3,-99.82,159.79,-98.21,-7.95,0.0,-0.33,1.32,20.09,inf,Obstacle is driving toward the ego car longitudinally. No lateral relative motion.
52.0,20049.0,Front-right,158.49,-111.26,153.98,-109.65,-7.95,0.0,-0.33,1.32,19.36,inf,Obstacle is driving toward the ego car longitudinally. No lateral relative motion.
52.0,20050.0,Front-right,154.44,-119.23,149.93,-117.62,-7.95,0.0,-0.33,1.32,18.85,inf,Obstacle is driving toward the ego car longitudinally. No lateral relative motion.
52.0,20051.0,Front-right,151.28,-125.46,146.77,-123.85,-7.95,0.0,-0.33,1.32,18.46,inf,Obstacle is driving toward the ego car longitudinally. No lateral relative motion.
52.0,20052.0,Front-right,148.11,-131.69,143.6,-130.08,-7.95,0.0,-0.33,1.32,18.06,inf,Obstacle is driving toward the ego car longitudinally. No lateral relative motion.
52.0,20053.0,Front-right,144.94,-137.92,140.44,-136.31,-7.95,0.0,-0.33,1.32,17.66,inf,Obstacle is driving toward the ego car longitudinally. No lateral relative motion.
52.0,20054.0,Front-right,99.31,-37.35,94.8,-35.74,-6.1,-1.21,0.2,2.8,15.54,inf,Obstacle is driving toward the ego car longitudinally. Obstacle is moving away laterally to the right.
52.0,20055.0,Front-right,139.12,-149.39,134.61,-147.78,-7.95,0.0,-0.33,1.32,16.93,inf,Obstacle is driving toward the ego car longitudinally. No lateral relative motion.
52.0,20056.0,Front-right,134.98,-157.55,130.47,-155.94,-7.76,0.39,-0.95,1.47,16.82,401.04,Obstacle is driving toward the ego car longitudinally. Obstacle is driving toward the ego car laterally from the right.
52.0,20057.0,Front-right,177.35,-66.8,172.84,-65.19,-7.95,-0.0,-0.33,1.32,21.73,inf,Obstacle is driving toward the ego car longitudinally. No lateral relative motion.
52.0,20058.0,Front-right,131.18,-165.03,126.67,-163.42,-7.35,1.18,-0.63,1.39,17.22,138.68,Obstacle is driving toward the ego car longitudinally. Obstacle is driving toward the ego car laterally from the right.
52.0,20059.0,Front-right,86.72,-29.43,82.21,-27.82,-3.5,-2.77,0.35,3.39,23.51,inf,Obstacle is driving toward the ego car longitudinally. Obstacle is moving away laterally to the right.
52.0,20060.0,Front-right,180.63,-60.64,176.12,-59.03,-7.96,-0.01,0.01,1.24,22.13,inf,Obstacle is driving toward the ego car longitudinally. Obstacle is moving away laterally to the right.
52.0,20061.0,Front-right,127.09,-173.08,122.58,-171.47,-7.37,1.15,-0.12,1.28,16.64,148.54,Obstacle is driving toward the ego car longitudinally. Obstacle is driving toward the ego car laterally from the right.
52.0,20062.0,Front-right,72.28,-21.08,67.77,-19.47,-0.58,-3.93,0.24,3.56,117.19,inf,Obstacle is driving toward the ego car longitudinally. Obstacle is moving away laterally to the right.
52.0,20063.0,Front-right,53.28,-11.79,48.77,-10.18,2.49,-4.51,-0.05,2.97,inf,inf,Obstacle is moving away longitudinally. Obstacle is moving away laterally to the right.
52.0,20064.0,Front-right,123.32,-180.49,118.81,-178.88,-7.49,0.91,-0.44,1.35,15.86,196.42,Obstacle is driving toward the ego car longitudinally. Obstacle is driving toward the ego car laterally from the right.
52.0,20066.0,Front-right,117.9,-191.16,113.4,-189.55,-6.11,3.63,-2.06,1.73,18.55,52.28,Obstacle is driving toward the ego car longitudinally. Obstacle is driving toward the ego car laterally from the right.
53.0,20003.0,Front-right,159.71,-72.27,155.21,-70.66,-8.22,-0.0,-0.31,1.35,18.89,inf,Obstacle is driving toward the ego car longitudinally. No lateral relative motion.
53.0,20007.0,Front-right,153.56,-68.99,149.05,-67.38,-8.22,-0.0,-0.31,1.35,18.14,inf,Obstacle is driving toward the ego car longitudinally. No lateral relative motion.
53.0,20013.0,Front-right,147.49,-65.55,142.98,-63.94,-8.22,-0.0,-0.31,1.35,17.4,inf,Obstacle is driving toward the ego car longitudinally. No lateral relative motion.
53.0,20017.0,Front-right,141.46,-62.04,136.95,-60.43,-8.22,-0.0,-0.31,1.35,16.67,inf,Obstacle is driving toward the ego car longitudinally. No lateral relative motion.
53.0,20019.0,Front-right,135.48,-58.42,130.98,-56.81,-8.22,-0.0,-0.31,1.35,15.94,inf,Obstacle is driving toward the ego car longitudinally. No lateral relative motion.
53.0,20021.0,Front-right,129.53,-54.78,125.02,-53.17,-8.22,-0.0,-0.31,1.35,15.22,inf,Obstacle is driving toward the ego car longitudinally. No lateral relative motion.
53.0,20025.0,Front-right,123.62,-51.06,119.11,-49.45,-8.22,-0.0,-0.31,1.35,14.5,inf,Obstacle is driving toward the ego car longitudinally. No lateral relative motion.
53.0,20035.0,Front-right,117.72,-47.34,113.21,-45.73,-8.22,-0.0,-0.31,1.35,13.78,inf,Obstacle is driving toward the ego car longitudinally. No lateral relative motion.
53.0,20039.0,Front-right,111.82,-43.62,107.31,-42.01,-8.22,-0.0,-0.31,1.35,13.06,inf,Obstacle is driving toward the ego car longitudinally. No lateral relative motion.
53.0,20042.0,Rear-right,-60.99,-19.11,-56.48,-17.5,-21.91,-5.72,-0.32,1.36,inf,inf,Obstacle is moving away longitudinally. Obstacle is moving away laterally to the right.
53.0,20043.0,Behind,-24.73,-1.08,-20.22,0.0,-21.81,-5.78,-0.34,1.4,inf,0.0,Obstacle is moving away longitudinally. Exact lateral alignment or unknown case.
53.0,20044.0,Front-left,19.16,2.46,14.65,0.85,-22.39,2.14,-0.31,1.44,0.65,inf,Obstacle is driving toward the ego car longitudinally. Obstacle is moving away laterally to the left.
53.0,20045.0,Front-right,168.27,-90.69,163.76,-89.08,-8.22,0.0,-0.31,1.35,19.93,inf,Obstacle is driving toward the ego car longitudinally. No lateral relative motion.
53.0,20047.0,Front-right,165.22,-96.97,160.71,-95.36,-8.22,0.0,-0.31,1.35,19.56,inf,Obstacle is driving toward the ego car longitudinally. No lateral relative motion.
53.0,20049.0,Front-right,159.6,-108.51,155.09,-106.9,-8.22,0.0,-0.31,1.35,18.88,inf,Obstacle is driving toward the ego car longitudinally. No lateral relative motion.
53.0,20050.0,Front-right,155.69,-116.55,151.18,-114.94,-8.22,0.0,-0.31,1.35,18.4,inf,Obstacle is driving toward the ego car longitudinally. No lateral relative motion.
53.0,20051.0,Front-right,152.64,-122.83,148.13,-121.22,-8.22,0.0,-0.31,1.35,18.03,inf,Obstacle is driving toward the ego car longitudinally. No lateral relative motion.
53.0,20052.0,Front-right,149.58,-129.11,145.07,-127.5,-8.22,0.0,-0.31,1.35,17.66,inf,Obstacle is driving toward the ego car longitudinally. No lateral relative motion.
53.0,20053.0,Front-right,146.52,-135.4,142.01,-133.79,-8.22,0.0,-0.31,1.35,17.28,inf,Obstacle is driving toward the ego car longitudinally. No lateral relative motion.
53.0,20054.0,Front-right,99.33,-35.74,94.83,-34.13,-6.47,-1.1,0.21,2.83,14.65,inf,Obstacle is driving toward the ego car longitudinally. Obstacle is moving away laterally to the right.
53.0,20055.0,Front-right,140.9,-146.96,136.39,-145.35,-8.22,0.0,-0.31,1.35,16.6,inf,Obstacle is driving toward the ego car longitudinally. No lateral relative motion.
53.0,20056.0,Front-right,136.91,-155.16,132.4,-153.55,-8.05,0.33,-0.93,1.49,16.44,459.11,Obstacle is driving toward the ego car longitudinally. Obstacle is driving toward the ego car laterally from the right.
53.0,20057.0,Front-right,177.69,-63.73,173.18,-62.12,-8.22,-0.0,-0.31,1.35,21.08,inf,Obstacle is driving toward the ego car longitudinally. No lateral relative motion.
53.0,20058.0,Front-right,133.28,-162.63,128.77,-161.02,-7.65,1.16,-0.62,1.42,16.83,138.8,Obstacle is driving toward the ego car longitudinally. Obstacle is driving toward the ego car laterally from the right.
53.0,20059.0,Front-right,86.88,-28.2,82.37,-26.59,-3.9,-2.58,0.37,3.42,21.12,inf,Obstacle is driving toward the ego car longitudinally. Obstacle is moving away laterally to the right.
53.0,20060.0,Front-right,180.87,-57.51,176.36,-55.9,-8.22,-0.0,-0.31,1.35,21.46,inf,Obstacle is driving toward the ego car longitudinally. No lateral relative motion.
53.0,20061.0,Front-right,129.33,-170.74,124.82,-169.13,-7.64,1.18,-0.11,1.3,16.34,142.98,Obstacle is driving toward the ego car longitudinally. Obstacle is driving toward the ego car laterally from the right.
53.0,20062.0,Front-right,72.59,-20.21,68.08,-18.6,-0.98,-3.69,0.26,3.59,69.35,inf,Obstacle is driving toward the ego car longitudinally. Obstacle is moving away laterally to the right.
53.0,20063.0,Front-right,53.73,-11.3,49.22,-9.69,2.14,-4.26,-0.03,3.0,inf,inf,Obstacle is moving away longitudinally. Obstacle is moving away laterally to the right.
53.0,20064.0,Front-right,125.68,-178.25,121.17,-176.64,-7.78,0.91,-0.42,1.37,15.58,194.61,Obstacle is driving toward the ego car longitudinally. Obstacle is driving toward the ego car laterally from the right.
53.0,20066.0,Front-right,120.58,-188.74,116.07,-187.13,-6.52,3.5,-2.04,1.75,17.81,53.52,Obstacle is driving toward the ego car longitudinally. Obstacle is driving toward the ego car laterally from the right.
54.0,20003.0,Front-right,159.79,-70.29,155.28,-68.68,-8.34,-0.0,-0.14,0.65,18.62,inf,Obstacle is driving toward the ego car longitudinally. No lateral relative motion.
54.0,20007.0,Front-right,153.59,-67.09,149.09,-65.48,-8.34,-0.0,-0.14,0.65,17.87,inf,Obstacle is driving toward the ego car longitudinally. No lateral relative motion.
54.0,20013.0,Front-right,147.48,-63.72,142.97,-62.11,-8.34,-0.0,-0.14,0.65,17.14,inf,Obstacle is driving toward the ego car longitudinally. No lateral relative motion.
54.0,20017.0,Front-right,141.4,-60.28,136.9,-58.67,-8.34,-0.0,-0.14,0.65,16.41,inf,Obstacle is driving toward the ego car longitudinally. No lateral relative motion.
54.0,20019.0,Front-right,135.39,-56.74,130.88,-55.13,-8.34,-0.0,-0.14,0.65,15.69,inf,Obstacle is driving toward the ego car longitudinally. No lateral relative motion.
54.0,20021.0,Front-right,129.39,-53.18,124.88,-51.57,-8.34,-0.0,-0.14,0.65,14.97,inf,Obstacle is driving toward the ego car longitudinally. No lateral relative motion.
54.0,20025.0,Front-right,123.44,-49.53,118.93,-47.92,-8.34,-0.0,-0.14,0.65,14.26,inf,Obstacle is driving toward the ego car longitudinally. No lateral relative motion.
54.0,20035.0,Front-right,117.49,-45.88,112.98,-44.27,-8.34,-0.0,-0.14,0.65,13.55,inf,Obstacle is driving toward the ego car longitudinally. No lateral relative motion.
54.0,20039.0,Front-right,111.54,-42.23,107.03,-40.62,-8.34,-0.0,-0.14,0.65,12.83,inf,Obstacle is driving toward the ego car longitudinally. No lateral relative motion.
54.0,20043.0,Rear-right,-26.89,-1.98,-22.38,-0.37,-21.87,-5.95,-0.18,0.71,inf,inf,Obstacle is moving away longitudinally. Obstacle is moving away laterally to the right.
54.0,20044.0,Front-left,16.89,2.89,12.38,1.28,-22.54,1.97,-0.15,0.75,0.55,inf,Obstacle is driving toward the ego car longitudinally. Obstacle is moving away laterally to the left.
54.0,20045.0,Front-right,168.57,-88.6,164.06,-86.99,-8.34,0.0,-0.14,0.65,19.67,inf,Obstacle is driving toward the ego car longitudinally. No lateral relative motion.
54.0,20047.0,Front-right,165.59,-94.91,161.09,-93.3,-8.34,0.0,-0.14,0.65,19.31,inf,Obstacle is driving toward the ego car longitudinally. No lateral relative motion.
54.0,20049.0,Front-right,160.12,-106.53,155.61,-104.92,-8.34,0.0,-0.14,0.65,18.66,inf,Obstacle is driving toward the ego car longitudinally. No lateral relative motion.
54.0,20050.0,Front-right,156.31,-114.61,151.81,-113.0,-8.34,0.0,-0.14,0.65,18.2,inf,Obstacle is driving toward the ego car longitudinally. No lateral relative motion.
54.0,20051.0,Front-right,153.34,-120.93,148.83,-119.32,-8.34,0.0,-0.14,0.65,17.84,inf,Obstacle is driving toward the ego car longitudinally. No lateral relative motion.
54.0,20052.0,Front-right,150.36,-127.25,145.85,-125.64,-8.34,0.0,-0.14,0.65,17.49,inf,Obstacle is driving toward the ego car longitudinally. No lateral relative motion.
54.0,20053.0,Front-right,147.38,-133.58,142.87,-131.97,-8.34,0.0,-0.14,0.65,17.13,inf,Obstacle is driving toward the ego car longitudinally. No lateral relative motion.
54.0,20054.0,Front-right,99.13,-34.62,94.62,-33.01,-6.7,-1.01,0.31,1.92,14.12,inf,Obstacle is driving toward the ego car longitudinally. Obstacle is moving away laterally to the right.
54.0,20055.0,Front-right,141.9,-145.21,137.39,-143.6,-8.34,0.0,-0.14,0.65,16.47,inf,Obstacle is driving toward the ego car longitudinally. No lateral relative motion.
54.0,20056.0,Front-right,138.03,-153.42,133.52,-151.81,-8.2,0.29,-0.6,0.76,16.28,517.47,Obstacle is driving toward the ego car longitudinally. Obstacle is driving toward the ego car laterally from the right.
54.0,20057.0,Front-right,177.66,-61.53,173.15,-59.92,-8.34,-0.0,-0.14,0.65,20.76,inf,Obstacle is driving toward the ego car longitudinally. No lateral relative motion.
54.0,20058.0,Front-right,134.53,-160.85,130.02,-159.24,-7.81,1.12,-0.66,0.77,16.64,142.32,Obstacle is driving toward the ego car longitudinally. Obstacle is driving toward the ego car laterally from the right.
54.0,20059.0,Front-right,86.84,-27.37,82.33,-25.76,-4.17,-2.42,0.49,2.59,19.75,inf,Obstacle is driving toward the ego car longitudinally. Obstacle is moving away laterally to the right.
54.0,20060.0,Front-right,180.76,-55.27,176.25,-53.66,-8.34,-0.0,-0.14,0.65,21.13,inf,Obstacle is driving toward the ego car longitudinally. No lateral relative motion.
54.0,20061.0,Front-right,130.68,-169.01,126.17,-167.4,-7.77,1.2,-0.02,0.63,16.23,139.38,Obstacle is driving toward the ego car longitudinally. Obstacle is driving toward the ego car laterally from the right.
54.0,20062.0,Front-right,72.74,-19.66,68.23,-18.05,-1.27,-3.5,0.42,2.88,53.88,inf,Obstacle is driving toward the ego car longitudinally. Obstacle is moving away laterally to the right.
54.0,20063.0,Front-right,54.09,-11.05,49.58,-9.44,1.88,-4.06,0.2,2.68,inf,inf,Obstacle is moving away longitudinally. Obstacle is moving away laterally to the right.
54.0,20064.0,Front-right,127.11,-176.59,122.6,-174.98,-7.91,0.92,-0.12,0.65,15.5,191.17,Obstacle is driving toward the ego car longitudinally. Obstacle is driving toward the ego car laterally from the right.
54.0,20066.0,Front-right,122.26,-186.89,117.75,-185.28,-6.75,3.38,-1.62,1.0,17.45,54.82,Obstacle is driving toward the ego car longitudinally. Obstacle is driving toward the ego car laterally from the right.
55.0,20003.0,Front-right,159.38,-69.33,154.87,-67.72,-8.43,-0.0,-0.1,0.49,18.37,inf,Obstacle is driving toward the ego car longitudinally. No lateral relative motion.
55.0,20007.0,Front-right,153.16,-66.17,148.66,-64.56,-8.43,-0.0,-0.1,0.49,17.63,inf,Obstacle is driving toward the ego car longitudinally. No lateral relative motion.
55.0,20013.0,Front-right,147.03,-62.84,142.52,-61.23,-8.43,-0.0,-0.1,0.49,16.9,inf,Obstacle is driving toward the ego car longitudinally. No lateral relative motion.
55.0,20017.0,Front-right,140.93,-59.44,136.43,-57.83,-8.43,-0.0,-0.1,0.49,16.18,inf,Obstacle is driving toward the ego car longitudinally. No lateral relative motion.
55.0,20019.0,Front-right,134.9,-55.93,130.39,-54.32,-8.43,-0.0,-0.1,0.49,15.47,inf,Obstacle is driving toward the ego car longitudinally. No lateral relative motion.
55.0,20021.0,Front-right,128.87,-52.4,124.37,-50.79,-8.43,-0.0,-0.1,0.49,14.75,inf,Obstacle is driving toward the ego car longitudinally. No lateral relative motion.
55.0,20025.0,Front-right,122.9,-48.79,118.39,-47.18,-8.43,-0.0,-0.1,0.49,14.04,inf,Obstacle is driving toward the ego car longitudinally. No lateral relative motion.
55.0,20035.0,Front-right,116.93,-45.17,112.42,-43.56,-8.43,-0.0,-0.1,0.49,13.33,inf,Obstacle is driving toward the ego car longitudinally. No lateral relative motion.
55.0,20039.0,Front-right,110.96,-41.56,106.46,-39.95,-8.43,-0.0,-0.1,0.49,12.63,inf,Obstacle is driving toward the ego car longitudinally. No lateral relative motion.
55.0,20043.0,Rear-right,-29.06,-2.75,-24.55,-1.14,-21.93,-6.03,-0.14,0.54,inf,inf,Obstacle is moving away longitudinally. Obstacle is moving away laterally to the right.
55.0,20044.0,Front-left,14.61,3.18,10.1,1.57,-22.66,1.88,-0.11,0.58,0.45,inf,Obstacle is driving toward the ego car longitudinally. Obstacle is moving away laterally to the left.
55.0,20045.0,Front-right,168.27,-87.59,163.76,-85.98,-8.43,0.0,-0.1,0.49,19.42,inf,Obstacle is driving toward the ego car longitudinally. No lateral relative motion.
55.0,20047.0,Front-right,165.33,-93.92,160.82,-92.31,-8.43,0.0,-0.1,0.49,19.08,inf,Obstacle is driving toward the ego car longitudinally. No lateral relative motion.
55.0,20049.0,Front-right,159.93,-105.57,155.42,-103.96,-8.43,0.0,-0.1,0.49,18.43,inf,Obstacle is driving toward the ego car longitudinally. No lateral relative motion.
55.0,20050.0,Front-right,156.17,-113.68,151.66,-112.07,-8.43,0.0,-0.1,0.49,17.99,inf,Obstacle is driving toward the ego car longitudinally. No lateral relative motion.
55.0,20051.0,Front-right,153.23,-120.01,148.72,-118.4,-8.43,0.0,-0.1,0.49,17.64,inf,Obstacle is driving toward the ego car longitudinally. No lateral relative motion.
55.0,20052.0,Front-right,150.29,-126.35,145.78,-124.74,-8.43,0.0,-0.1,0.49,17.29,inf,Obstacle is driving toward the ego car longitudinally. No lateral relative motion.
55.0,20053.0,Front-right,147.34,-132.7,142.84,-131.09,-8.43,0.0,-0.1,0.49,16.94,inf,Obstacle is driving toward the ego car longitudinally. No lateral relative motion.
55.0,20054.0,Front-right,98.67,-34.12,94.16,-32.51,-6.9,-0.93,0.34,1.76,13.65,inf,Obstacle is driving toward the ego car longitudinally. Obstacle is moving away laterally to the right.
55.0,20055.0,Front-right,141.93,-144.36,137.43,-142.75,-8.43,0.0,-0.1,0.49,16.3,inf,Obstacle is driving toward the ego car longitudinally. No lateral relative motion.
55.0,20056.0,Front-right,138.13,-152.57,133.62,-150.96,-8.31,0.25,-0.57,0.6,16.07,601.39,Obstacle is driving toward the ego car longitudinally. Obstacle is driving toward the ego car laterally from the right.
55.0,20057.0,Front-right,177.19,-60.46,172.68,-58.85,-8.43,-0.0,-0.1,0.49,20.48,inf,Obstacle is driving toward the ego car longitudinally. No lateral relative motion.
55.0,20058.0,Front-right,134.71,-159.93,130.2,-158.32,-7.93,1.07,-0.62,0.61,16.41,147.44,Obstacle is driving toward the ego car longitudinally. Obstacle is driving toward the ego car laterally from the right.
55.0,20059.0,Front-right,86.58,-27.08,82.07,-25.47,-4.42,-2.3,0.53,2.42,18.56,inf,Obstacle is driving toward the ego car longitudinally. Obstacle is moving away laterally to the right.
55.0,20060.0,Front-right,180.25,-54.19,175.75,-52.58,-8.43,-0.0,-0.1,0.49,20.85,inf,Obstacle is driving toward the ego car longitudinally. No lateral relative motion.
55.0,20061.0,Front-right,130.92,-168.1,126.41,-166.49,-7.87,1.22,0.02,0.46,16.07,136.97,Obstacle is driving toward the ego car longitudinally. Obstacle is driving toward the ego car laterally from the right.
55.0,20062.0,Front-right,72.73,-19.57,68.22,-17.96,-1.54,-3.36,0.46,2.72,44.23,inf,Obstacle is driving toward the ego car longitudinally. Obstacle is moving away laterally to the right.
55.0,20063.0,Front-right,54.34,-11.12,49.84,-9.51,1.62,-3.92,0.24,2.52,inf,inf,Obstacle is moving away longitudinally. Obstacle is moving away laterally to the right.
55.0,20064.0,Front-right,127.38,-175.73,122.87,-174.12,-8.0,0.92,-0.08,0.48,15.35,189.23,Obstacle is driving toward the ego car longitudinally. Obstacle is driving toward the ego car laterally from the right.
55.0,20066.0,Front-right,122.7,-185.82,118.19,-184.21,-6.92,3.25,-1.58,0.83,17.07,56.65,Obstacle is driving toward the ego car longitudinally. Obstacle is driving toward the ego car laterally from the right.
56.0,20003.0,Front-right,158.2,-70.1,153.69,-68.49,-8.48,-0.0,-0.06,0.26,18.12,inf,Obstacle is driving toward the ego car longitudinally. No lateral relative motion.
56.0,20007.0,Front-right,152.0,-66.91,147.5,-65.3,-8.48,-0.0,-0.06,0.26,17.39,inf,Obstacle is driving toward the ego car longitudinally. No lateral relative motion.
56.0,20013.0,Front-right,145.88,-63.55,141.38,-61.94,-8.48,-0.0,-0.06,0.26,16.66,inf,Obstacle is driving toward the ego car longitudinally. No lateral relative motion.
56.0,20017.0,Front-right,139.81,-60.12,135.3,-58.51,-8.48,-0.0,-0.06,0.26,15.95,inf,Obstacle is driving toward the ego car longitudinally. No lateral relative motion.
56.0,20019.0,Front-right,133.79,-56.59,129.28,-54.98,-8.48,-0.0,-0.06,0.26,15.24,inf,Obstacle is driving toward the ego car longitudinally. No lateral relative motion.
56.0,20021.0,Front-right,127.78,-53.03,123.27,-51.42,-8.48,-0.0,-0.06,0.26,14.53,inf,Obstacle is driving toward the ego car longitudinally. No lateral relative motion.
56.0,20025.0,Front-right,121.83,-49.38,117.32,-47.77,-8.48,-0.0,-0.06,0.26,13.83,inf,Obstacle is driving toward the ego car longitudinally. No lateral relative motion.
56.0,20035.0,Front-right,115.87,-45.74,111.36,-44.13,-8.48,-0.0,-0.06,0.26,13.13,inf,Obstacle is driving toward the ego car longitudinally. No lateral relative motion.
56.0,20039.0,Front-right,109.92,-42.1,105.41,-40.49,-8.48,-0.0,-0.06,0.26,12.43,inf,Obstacle is driving toward the ego car longitudinally. No lateral relative motion.
56.0,20043.0,Rear-right,-31.27,-3.22,-26.76,-1.61,-21.66,-6.71,-0.09,0.3,inf,inf,Obstacle is moving away longitudinally. Obstacle is moving away laterally to the right.
56.0,20044.0,Front-left,12.35,3.31,7.84,1.7,-22.71,1.95,-0.06,0.35,0.35,inf,Obstacle is driving toward the ego car longitudinally. Obstacle is moving away laterally to the left.
56.0,20045.0,Front-right,167.0,-88.4,162.5,-86.79,-8.48,0.0,-0.06,0.26,19.15,inf,Obstacle is driving toward the ego car longitudinally. No lateral relative motion.
56.0,20047.0,Front-right,164.04,-94.72,159.53,-93.11,-8.48,0.0,-0.06,0.26,18.8,inf,Obstacle is driving toward the ego car longitudinally. No lateral relative motion.
56.0,20049.0,Front-right,158.58,-106.34,154.07,-104.73,-8.48,0.0,-0.06,0.26,18.16,inf,Obstacle is driving toward the ego car longitudinally. No lateral relative motion.
56.0,20050.0,Front-right,154.78,-114.43,150.27,-112.82,-8.48,0.0,-0.06,0.26,17.71,inf,Obstacle is driving toward the ego car longitudinally. No lateral relative motion.
56.0,20051.0,Front-right,151.81,-120.75,147.3,-119.14,-8.48,0.0,-0.06,0.26,17.36,inf,Obstacle is driving toward the ego car longitudinally. No lateral relative motion.
56.0,20052.0,Front-right,148.83,-127.08,144.33,-125.47,-8.48,0.0,-0.06,0.26,17.01,inf,Obstacle is driving toward the ego car longitudinally. No lateral relative motion.
56.0,20053.0,Front-right,145.86,-133.41,141.35,-131.8,-8.48,0.0,-0.06,0.26,16.66,inf,Obstacle is driving toward the ego car longitudinally. No lateral relative motion.
56.0,20054.0,Front-right,97.81,-34.69,93.3,-33.08,-7.07,-0.86,0.39,1.53,13.2,inf,Obstacle is driving toward the ego car longitudinally. Obstacle is moving away laterally to the right.
56.0,20055.0,Front-right,140.39,-145.04,135.89,-143.43,-8.48,0.0,-0.06,0.26,16.02,inf,Obstacle is driving toward the ego car longitudinally. No lateral relative motion.
56.0,20056.0,Front-right,136.56,-153.21,132.05,-151.6,-8.39,0.21,-0.52,0.37,15.75,731.09,Obstacle is driving toward the ego car longitudinally. Obstacle is driving toward the ego car laterally from the right.
56.0,20057.0,Front-right,176.06,-61.32,171.55,-59.71,-8.48,-0.0,-0.06,0.26,20.22,inf,Obstacle is driving toward the ego car longitudinally. No lateral relative motion.
56.0,20058.0,Front-right,133.14,-160.48,128.63,-158.87,-8.0,1.02,-0.57,0.38,16.07,155.26,Obstacle is driving toward the ego car longitudinally. Obstacle is driving toward the ego car laterally from the right.
56.0,20059.0,Front-right,86.0,-27.73,81.49,-26.12,-4.66,-2.22,0.57,2.19,17.49,inf,Obstacle is driving toward the ego car longitudinally. Obstacle is moving away laterally to the right.
56.0,20060.0,Front-right,179.15,-55.06,174.64,-53.45,-8.48,-0.0,-0.06,0.26,20.59,inf,Obstacle is driving toward the ego car longitudinally. No lateral relative motion.
56.0,20061.0,Front-right,129.32,-168.61,124.81,-167.0,-7.91,1.22,0.06,0.23,15.78,136.46,Obstacle is driving toward the ego car longitudinally. Obstacle is driving toward the ego car laterally from the right.
56.0,20062.0,Front-right,72.46,-20.27,67.95,-18.66,-1.94,-3.53,0.59,2.47,35.03,inf,Obstacle is driving toward the ego car longitudinally. Obstacle is moving away laterally to the right.
56.0,20063.0,Front-right,54.44,-11.78,49.94,-10.17,1.36,-3.89,0.28,2.29,inf,inf,Obstacle is moving away longitudinally. Obstacle is moving away laterally to the right.
56.0,20064.0,Front-right,125.73,-176.26,121.22,-174.65,-8.05,0.92,-0.03,0.25,15.06,189.77,Obstacle is driving toward the ego car longitudinally. Obstacle is driving toward the ego car laterally from the right.
56.0,20066.0,Front-right,121.11,-186.1,116.6,-184.49,-7.02,3.11,-1.53,0.6,16.6,59.37,Obstacle is driving toward the ego car longitudinally. Obstacle is driving toward the ego car laterally from the right.
57.0,20003.0,Front-right,156.76,-71.44,152.25,-69.83,-8.5,-0.0,-0.0,0.02,17.92,inf,Obstacle is driving toward the ego car longitudinally. No lateral relative motion.
57.0,20007.0,Front-right,150.59,-68.19,146.08,-66.58,-8.5,-0.0,-0.0,0.02,17.19,inf,Obstacle is driving toward the ego car longitudinally. No lateral relative motion.
57.0,20013.0,Front-right,144.5,-64.78,139.99,-63.17,-8.5,-0.0,-0.0,0.02,16.48,inf,Obstacle is driving toward the ego car longitudinally. No lateral relative motion.
57.0,20017.0,Front-right,138.45,-61.3,133.94,-59.69,-8.5,-0.0,-0.0,0.02,15.76,inf,Obstacle is driving toward the ego car longitudinally. No lateral relative motion.
57.0,20019.0,Front-right,132.46,-57.71,127.95,-56.1,-8.5,-0.0,-0.0,0.02,15.06,inf,Obstacle is driving toward the ego car longitudinally. No lateral relative motion.
57.0,20021.0,Front-right,126.48,-54.1,121.97,-52.49,-8.5,-0.0,-0.0,0.02,14.36,inf,Obstacle is driving toward the ego car longitudinally. No lateral relative motion.
57.0,20025.0,Front-right,120.56,-50.41,116.05,-48.8,-8.5,-0.0,-0.0,0.02,13.66,inf,Obstacle is driving toward the ego car longitudinally. No lateral relative motion.
57.0,20035.0,Front-right,114.64,-46.72,110.13,-45.11,-8.5,-0.0,-0.0,0.02,12.96,inf,Obstacle is driving toward the ego car longitudinally. No lateral relative motion.
57.0,20039.0,Front-right,108.72,-43.03,104.21,-41.42,-8.5,-0.0,-0.0,0.02,12.27,inf,Obstacle is driving toward the ego car longitudinally. No lateral relative motion.
57.0,20043.0,Rear-right,-33.47,-3.62,-28.96,-2.01,-21.74,-6.6,-0.04,0.06,inf,inf,Obstacle is moving away longitudinally. Obstacle is moving away laterally to the right.
57.0,20044.0,Front-left,10.1,3.39,5.59,1.78,-22.8,1.35,-0.01,0.1,0.25,inf,Obstacle is driving toward the ego car longitudinally. Obstacle is moving away laterally to the left.
57.0,20045.0,Front-right,165.41,-89.81,160.9,-88.2,-8.5,0.0,-0.0,0.02,18.94,inf,Obstacle is driving toward the ego car longitudinally. No lateral relative motion.
57.0,20047.0,Front-right,162.38,-96.1,157.88,-94.49,-8.5,0.0,-0.0,0.02,18.58,inf,Obstacle is driving toward the ego car longitudinally. No lateral relative motion.
57.0,20049.0,Front-right,156.83,-107.68,152.32,-106.07,-8.5,0.0,-0.0,0.02,17.93,inf,Obstacle is driving toward the ego car longitudinally. No lateral relative motion.
57.0,20050.0,Front-right,152.96,-115.73,148.45,-114.12,-8.5,0.0,-0.0,0.02,17.47,inf,Obstacle is driving toward the ego car longitudinally. No lateral relative motion.
57.0,20051.0,Front-right,149.94,-122.03,145.43,-120.42,-8.5,0.0,-0.0,0.02,17.12,inf,Obstacle is driving toward the ego car longitudinally. No lateral relative motion.
57.0,20052.0,Front-right,146.91,-128.33,142.4,-126.72,-8.5,0.0,-0.0,0.02,16.76,inf,Obstacle is driving toward the ego car longitudinally. No lateral relative motion.
57.0,20053.0,Front-right,143.88,-134.64,139.37,-133.03,-8.5,0.0,-0.0,0.02,16.4,inf,Obstacle is driving toward the ego car longitudinally. No lateral relative motion.
57.0,20054.0,Front-right,96.8,-35.6,92.29,-33.99,-7.2,-0.81,0.44,1.29,12.81,inf,Obstacle is driving toward the ego car longitudinally. Obstacle is moving away laterally to the right.
57.0,20055.0,Front-right,138.32,-146.22,133.81,-144.61,-8.5,0.0,-0.0,0.02,15.75,inf,Obstacle is driving toward the ego car longitudinally. No lateral relative motion.
57.0,20056.0,Front-right,134.42,-154.34,129.91,-152.73,-8.42,0.16,-0.47,0.13,15.43,933.95,Obstacle is driving toward the ego car longitudinally. Obstacle is driving toward the ego car laterally from the right.
57.0,20057.0,Front-right,174.69,-62.8,170.18,-61.19,-8.5,-0.0,-0.0,0.02,20.03,inf,Obstacle is driving toward the ego car longitudinally. No lateral relative motion.
57.0,20058.0,Front-right,130.98,-161.5,126.48,-159.89,-8.03,0.97,-0.52,0.14,15.75,164.63,Obstacle is driving toward the ego car longitudinally. Obstacle is driving toward the ego car laterally from the right.
57.0,20059.0,Front-right,85.29,-28.67,80.78,-27.06,-4.87,-2.14,0.62,1.95,16.6,inf,Obstacle is driving toward the ego car longitudinally. Obstacle is moving away laterally to the right.
57.0,20060.0,Front-right,177.83,-56.57,173.33,-54.96,-8.5,-0.0,-0.0,0.02,20.4,inf,Obstacle is driving toward the ego car longitudinally. No lateral relative motion.
57.0,20061.0,Front-right,127.11,-169.58,122.6,-167.97,-7.91,1.23,0.11,-0.01,15.51,136.56,Obstacle is driving toward the ego car longitudinally. Obstacle is driving toward the ego car laterally from the right.
57.0,20062.0,Front-right,72.08,-21.24,67.58,-19.63,-2.18,-3.47,0.64,2.23,30.95,inf,Obstacle is driving toward the ego car longitudinally. Obstacle is moving away laterally to the right.
57.0,20063.0,Front-right,54.46,-12.66,49.95,-11.05,0.95,-4.3,0.42,2.03,inf,inf,Obstacle is moving away longitudinally. Obstacle is moving away laterally to the right.
57.0,20064.0,Front-right,123.44,-177.22,118.93,-175.61,-8.05,0.92,0.02,0.02,14.76,191.09,Obstacle is driving toward the ego car longitudinally. Obstacle is driving toward the ego car laterally from the right.
57.0,20066.0,Front-right,118.83,-186.81,114.32,-185.2,-7.08,2.96,-1.48,0.36,16.16,62.6,Obstacle is driving toward the ego car longitudinally. Obstacle is driving toward the ego car laterally from the right.
58.0,20003.0,Front-right,155.98,-71.28,151.47,-69.67,-8.47,-0.0,0.04,-0.19,17.87,inf,Obstacle is driving toward the ego car longitudinally. No lateral relative motion.
58.0,20007.0,Front-right,149.81,-68.04,145.3,-66.43,-8.47,-0.0,0.04,-0.19,17.15,inf,Obstacle is driving toward the ego car longitudinally. No lateral relative motion.
58.0,20013.0,Front-right,143.71,-64.63,139.2,-63.02,-8.47,-0.0,0.04,-0.19,16.43,inf,Obstacle is driving toward the ego car longitudinally. No lateral relative motion.
58.0,20017.0,Front-right,137.66,-61.16,133.15,-59.55,-8.47,-0.0,0.04,-0.19,15.71,inf,Obstacle is driving toward the ego car longitudinally. No lateral relative motion.
58.0,20019.0,Front-right,131.67,-57.58,127.16,-55.97,-8.47,-0.0,0.04,-0.19,15.01,inf,Obstacle is driving toward the ego car longitudinally. No lateral relative motion.
58.0,20021.0,Front-right,125.69,-53.97,121.18,-52.36,-8.47,-0.0,0.04,-0.19,14.3,inf,Obstacle is driving toward the ego car longitudinally. No lateral relative motion.
58.0,20025.0,Front-right,119.76,-50.29,115.25,-48.68,-8.47,-0.0,0.04,-0.19,13.6,inf,Obstacle is driving toward the ego car longitudinally. No lateral relative motion.
58.0,20035.0,Front-right,113.83,-46.6,109.32,-44.99,-8.47,-0.0,0.04,-0.19,12.9,inf,Obstacle is driving toward the ego car longitudinally. No lateral relative motion.
58.0,20039.0,Front-right,107.91,-42.92,103.4,-41.31,-8.47,-0.0,0.04,-0.19,12.2,inf,Obstacle is driving toward the ego car longitudinally. No lateral relative motion.
58.0,20043.0,Rear-right,-35.65,-4.32,-31.14,-2.71,-21.71,-6.61,0.01,-0.15,inf,inf,Obstacle is moving away longitudinally. Obstacle is moving away laterally to the right.
58.0,20044.0,Front-left,7.8,3.54,3.29,1.93,-22.79,1.33,0.03,-0.11,0.14,inf,Obstacle is driving toward the ego car longitudinally. Obstacle is moving away laterally to the left.
58.0,20045.0,Front-right,164.65,-89.64,160.14,-88.03,-8.47,0.0,0.04,-0.19,18.9,inf,Obstacle is driving toward the ego car longitudinally. No lateral relative motion.
58.0,20047.0,Front-right,161.63,-95.94,157.12,-94.33,-8.47,0.0,0.04,-0.19,18.54,inf,Obstacle is driving toward the ego car longitudinally. No lateral relative motion.
58.0,20049.0,Front-right,156.09,-107.52,151.58,-105.91,-8.47,0.0,0.04,-0.19,17.89,inf,Obstacle is driving toward the ego car longitudinally. No lateral relative motion.
58.0,20050.0,Front-right,152.23,-115.58,147.72,-113.97,-8.47,0.0,0.04,-0.19,17.43,inf,Obstacle is driving toward the ego car longitudinally. No lateral relative motion.
58.0,20051.0,Front-right,149.21,-121.88,144.7,-120.27,-8.47,0.0,0.04,-0.19,17.08,inf,Obstacle is driving toward the ego car longitudinally. No lateral relative motion.
58.0,20052.0,Front-right,146.19,-128.18,141.68,-126.57,-8.47,0.0,0.04,-0.19,16.72,inf,Obstacle is driving toward the ego car longitudinally. No lateral relative motion.
58.0,20053.0,Front-right,143.17,-134.49,138.66,-132.88,-8.47,0.0,0.04,-0.19,16.36,inf,Obstacle is driving toward the ego car longitudinally. No lateral relative motion.
58.0,20054.0,Front-right,96.11,-35.58,91.6,-33.97,-7.3,-0.73,0.49,1.08,12.56,inf,Obstacle is driving toward the ego car longitudinally. Obstacle is moving away laterally to the right.
58.0,20055.0,Front-right,137.62,-146.08,133.11,-144.47,-8.47,0.0,0.04,-0.19,15.71,inf,Obstacle is driving toward the ego car longitudinally. No lateral relative motion.
58.0,20056.0,Front-right,133.74,-154.19,129.23,-152.58,-8.42,0.12,-0.42,-0.08,15.35,1264.34,Obstacle is driving toward the ego car longitudinally. Obstacle is driving toward the ego car laterally from the right.
58.0,20057.0,Front-right,173.9,-62.63,169.39,-61.02,-8.47,-0.0,0.04,-0.19,19.99,inf,Obstacle is driving toward the ego car longitudinally. No lateral relative motion.
58.0,20058.0,Front-right,130.34,-161.27,125.83,-159.66,-8.03,0.92,-0.48,-0.07,15.67,172.86,Obstacle is driving toward the ego car longitudinally. Obstacle is driving toward the ego car laterally from the right.
58.0,20059.0,Front-right,84.82,-28.8,80.31,-27.19,-5.02,-2.04,0.67,1.75,16.01,inf,Obstacle is driving toward the ego car longitudinally. Obstacle is moving away laterally to the right.
58.0,20060.0,Front-right,177.04,-56.39,172.53,-54.78,-8.47,-0.0,0.04,-0.19,20.36,inf,Obstacle is driving toward the ego car longitudinally. No lateral relative motion.
58.0,20061.0,Front-right,126.49,-169.32,121.98,-167.71,-7.88,1.24,0.16,-0.22,15.48,135.08,Obstacle is driving toward the ego car longitudinally. Obstacle is driving toward the ego car laterally from the right.
58.0,20062.0,Front-right,71.88,-21.51,67.37,-19.9,-2.36,-3.35,0.68,2.02,28.56,inf,Obstacle is driving toward the ego car longitudinally. Obstacle is moving away laterally to the right.
58.0,20063.0,Front-right,54.55,-13.03,50.05,-11.42,0.79,-4.21,0.47,1.82,inf,inf,Obstacle is moving away longitudinally. Obstacle is moving away laterally to the right.
58.0,20064.0,Front-right,122.81,-177.0,118.3,-175.39,-8.03,0.92,0.07,-0.19,14.73,190.3,Obstacle is driving toward the ego car longitudinally. Obstacle is driving toward the ego car laterally from the right.
58.0,20066.0,Front-right,118.31,-186.4,113.8,-184.79,-7.12,2.82,-1.43,0.16,15.98,65.46,Obstacle is driving toward the ego car longitudinally. Obstacle is driving toward the ego car laterally from the right.
59.0,20003.0,Front-right,154.9,-71.78,150.39,-70.17,-8.42,-0.0,0.07,-0.31,17.85,inf,Obstacle is driving toward the ego car longitudinally. No lateral relative motion.
59.0,20007.0,Front-right,148.74,-68.52,144.23,-66.91,-8.42,-0.0,0.07,-0.31,17.12,inf,Obstacle is driving toward the ego car longitudinally. No lateral relative motion.
59.0,20013.0,Front-right,142.65,-65.09,138.15,-63.48,-8.42,-0.0,0.07,-0.31,16.4,inf,Obstacle is driving toward the ego car longitudinally. No lateral relative motion.
59.0,20017.0,Front-right,136.61,-61.6,132.1,-59.99,-8.42,-0.0,0.07,-0.31,15.68,inf,Obstacle is driving toward the ego car longitudinally. No lateral relative motion.
59.0,20019.0,Front-right,130.63,-58.0,126.12,-56.39,-8.42,-0.0,0.07,-0.31,14.97,inf,Obstacle is driving toward the ego car longitudinally. No lateral relative motion.
59.0,20021.0,Front-right,124.66,-54.38,120.16,-52.77,-8.42,-0.0,0.07,-0.31,14.26,inf,Obstacle is driving toward the ego car longitudinally. No lateral relative motion.
59.0,20025.0,Front-right,118.75,-50.67,114.24,-49.06,-8.42,-0.0,0.07,-0.31,13.56,inf,Obstacle is driving toward the ego car longitudinally. No lateral relative motion.
59.0,20035.0,Front-right,112.83,-46.97,108.32,-45.36,-8.42,-0.0,0.07,-0.31,12.86,inf,Obstacle is driving toward the ego car longitudinally. No lateral relative motion.
59.0,20039.0,Front-right,106.92,-43.26,102.41,-41.65,-8.42,-0.0,0.07,-0.31,12.16,inf,Obstacle is driving toward the ego car longitudinally. No lateral relative motion.
59.0,20043.0,Rear-right,-37.85,-4.87,-33.34,-3.26,-21.69,-6.57,0.04,-0.27,inf,inf,Obstacle is moving away longitudinally. Obstacle is moving away laterally to the right.
59.0,20044.0,Front-left,5.52,3.65,1.01,2.04,-22.74,1.38,0.06,-0.23,0.04,inf,Obstacle is driving toward the ego car longitudinally. Obstacle is moving away laterally to the left.
59.0,20045.0,Front-right,163.51,-90.17,159.0,-88.56,-8.42,0.0,0.07,-0.31,18.87,inf,Obstacle is driving toward the ego car longitudinally. No lateral relative motion.
59.0,20047.0,Front-right,160.47,-96.46,155.96,-94.85,-8.42,0.0,0.07,-0.31,18.51,inf,Obstacle is driving toward the ego car longitudinally. No lateral relative motion.
59.0,20049.0,Front-right,154.89,-108.02,150.38,-106.41,-8.42,0.0,0.07,-0.31,17.85,inf,Obstacle is driving toward the ego car longitudinally. No lateral relative motion.
59.0,20050.0,Front-right,151.0,-116.07,146.5,-114.46,-8.42,0.0,0.07,-0.31,17.39,inf,Obstacle is driving toward the ego car longitudinally. No lateral relative motion.
59.0,20051.0,Front-right,147.97,-122.36,143.46,-120.75,-8.42,0.0,0.07,-0.31,17.03,inf,Obstacle is driving toward the ego car longitudinally. No lateral relative motion.
59.0,20052.0,Front-right,144.93,-128.65,140.42,-127.04,-8.42,0.0,0.07,-0.31,16.67,inf,Obstacle is driving toward the ego car longitudinally. No lateral relative motion.
59.0,20053.0,Front-right,141.89,-134.95,137.38,-133.34,-8.42,0.0,0.07,-0.31,16.31,inf,Obstacle is driving toward the ego car longitudinally. No lateral relative motion.
59.0,20054.0,Front-right,95.26,-35.96,90.75,-34.35,-7.34,-0.68,0.43,0.72,12.36,inf,Obstacle is driving toward the ego car longitudinally. Obstacle is moving away laterally to the right.
59.0,20055.0,Front-right,136.3,-146.53,131.79,-144.92,-8.42,0.0,0.07,-0.31,15.64,inf,Obstacle is driving toward the ego car longitudinally. No lateral relative motion.
59.0,20056.0,Front-right,132.39,-154.61,127.89,-153.0,-8.38,0.09,-0.22,-0.24,15.26,1638.34,Obstacle is driving toward the ego car longitudinally. Obstacle is driving toward the ego car laterally from the right.
59.0,20057.0,Front-right,172.85,-63.19,168.34,-61.58,-8.42,-0.0,0.07,-0.31,19.98,inf,Obstacle is driving toward the ego car longitudinally. No lateral relative motion.
59.0,20058.0,Front-right,129.02,-161.6,124.51,-159.99,-8.01,0.86,-0.56,-0.16,15.55,185.12,Obstacle is driving toward the ego car longitudinally. Obstacle is driving toward the ego car laterally from the right.
59.0,20059.0,Front-right,84.22,-29.27,79.71,-27.66,-5.13,-1.95,0.64,1.45,15.53,inf,Obstacle is driving toward the ego car longitudinally. Obstacle is moving away laterally to the right.
59.0,20060.0,Front-right,176.01,-56.96,171.5,-55.35,-8.42,-0.0,0.07,-0.31,20.36,inf,Obstacle is driving toward the ego car longitudinally. No lateral relative motion.
59.0,20061.0,Front-right,125.15,-169.61,120.64,-168.0,-7.83,1.24,0.04,-0.3,15.41,135.85,Obstacle is driving toward the ego car longitudinally. Obstacle is driving toward the ego car laterally from the right.
59.0,20062.0,Front-right,71.56,-22.07,67.05,-20.46,-2.51,-3.27,0.69,1.82,26.67,inf,Obstacle is driving toward the ego car longitudinally. Obstacle is moving away laterally to the right.
59.0,20063.0,Front-right,54.58,-13.62,50.07,-12.01,0.62,-4.15,0.54,1.89,inf,inf,Obstacle is moving away longitudinally. Obstacle is moving away laterally to the right.
59.0,20064.0,Front-right,121.44,-177.3,116.93,-175.69,-7.97,0.93,0.18,-0.34,14.66,188.76,Obstacle is driving toward the ego car longitudinally. Obstacle is driving toward the ego car laterally from the right.
59.0,20066.0,Front-right,116.99,-186.51,112.48,-184.9,-7.12,2.71,-1.14,-0.03,15.8,68.3,Obstacle is driving toward the ego car longitudinally. Obstacle is driving toward the ego car laterally from the right.
60.0,20003.0,Front-right,154.12,-71.63,149.62,-70.02,-8.39,-0.0,0.05,-0.2,17.84,inf,Obstacle is driving toward the ego car longitudinally. No lateral relative motion.
60.0,20007.0,Front-right,147.96,-68.37,143.45,-66.76,-8.39,-0.0,0.05,-0.2,17.1,inf,Obstacle is driving toward the ego car longitudinally. No lateral relative motion.
60.0,20013.0,Front-right,141.87,-64.96,137.36,-63.35,-8.39,-0.0,0.05,-0.2,16.38,inf,Obstacle is driving toward the ego car longitudinally. No lateral relative motion.
60.0,20017.0,Front-right,135.83,-61.47,131.32,-59.86,-8.39,-0.0,0.05,-0.2,15.65,inf,Obstacle is driving toward the ego car longitudinally. No lateral relative motion.
60.0,20019.0,Front-right,129.84,-57.88,125.33,-56.27,-8.39,-0.0,0.05,-0.2,14.94,inf,Obstacle is driving toward the ego car longitudinally. No lateral relative motion.
60.0,20021.0,Front-right,123.87,-54.26,119.36,-52.65,-8.39,-0.0,0.05,-0.2,14.23,inf,Obstacle is driving toward the ego car longitudinally. No lateral relative motion.
60.0,20025.0,Front-right,117.95,-50.56,113.44,-48.95,-8.39,-0.0,0.05,-0.2,13.52,inf,Obstacle is driving toward the ego car longitudinally. No lateral relative motion.
60.0,20035.0,Front-right,112.03,-46.86,107.53,-45.25,-8.39,-0.0,0.05,-0.2,12.82,inf,Obstacle is driving toward the ego car longitudinally. No lateral relative motion.
60.0,20039.0,Front-right,106.12,-43.16,101.61,-41.55,-8.39,-0.0,0.05,-0.2,12.11,inf,Obstacle is driving toward the ego car longitudinally. No lateral relative motion.
60.0,20043.0,Rear-right,-40.02,-5.57,-35.51,-3.96,-21.65,-6.59,0.01,-0.16,inf,inf,Obstacle is moving away longitudinally. Obstacle is moving away laterally to the right.
60.0,20044.0,Left,3.23,3.79,0.0,2.18,-22.71,1.37,0.04,-0.12,0.0,inf,Exact longitudinal alignment or co. Obstacle is moving away laterally to the left.
60.0,20045.0,Front-right,162.75,-90.01,158.24,-88.4,-8.39,0.0,0.05,-0.2,18.86,inf,Obstacle is driving toward the ego car longitudinally. No lateral relative motion.
60.0,20047.0,Front-right,159.72,-96.3,155.21,-94.69,-8.39,0.0,0.05,-0.2,18.5,inf,Obstacle is driving toward the ego car longitudinally. No lateral relative motion.
60.0,20049.0,Front-right,154.15,-107.87,149.64,-106.26,-8.39,0.0,0.05,-0.2,17.84,inf,Obstacle is driving toward the ego car longitudinally. No lateral relative motion.
60.0,20050.0,Front-right,150.27,-115.92,145.76,-114.31,-8.39,0.0,0.05,-0.2,17.38,inf,Obstacle is driving toward the ego car longitudinally. No lateral relative motion.
60.0,20051.0,Front-right,147.24,-122.21,142.73,-120.6,-8.39,0.0,0.05,-0.2,17.02,inf,Obstacle is driving toward the ego car longitudinally. No lateral relative motion.
60.0,20052.0,Front-right,144.21,-128.51,139.7,-126.9,-8.39,0.0,0.05,-0.2,16.65,inf,Obstacle is driving toward the ego car longitudinally. No lateral relative motion.
60.0,20053.0,Front-right,141.17,-134.81,136.66,-133.2,-8.39,0.0,0.05,-0.2,16.29,inf,Obstacle is driving toward the ego car longitudinally. No lateral relative motion.
60.0,20054.0,Front-right,94.55,-35.93,90.05,-34.32,-7.4,-0.62,0.41,0.82,12.18,inf,Obstacle is driving toward the ego car longitudinally. Obstacle is moving away laterally to the right.
60.0,20055.0,Front-right,135.59,-146.39,131.09,-144.78,-8.39,0.0,0.05,-0.2,15.63,inf,Obstacle is driving toward the ego car longitudinally. No lateral relative motion.
60.0,20056.0,Front-right,131.7,-154.47,127.2,-152.86,-8.36,0.07,-0.25,-0.13,15.22,2302.09,Obstacle is driving toward the ego car longitudinally. Obstacle is driving toward the ego car laterally from the right.
60.0,20057.0,Front-right,172.07,-63.02,167.56,-61.41,-8.39,-0.0,0.05,-0.2,19.97,inf,Obstacle is driving toward the ego car longitudinally. No lateral relative motion.
60.0,20058.0,Front-right,128.37,-161.39,123.86,-159.78,-8.0,0.81,-0.58,-0.06,15.48,198.11,Obstacle is driving toward the ego car longitudinally. Obstacle is driving toward the ego car laterally from the right.
60.0,20059.0,Front-right,83.72,-29.38,79.21,-27.77,-5.26,-1.86,0.62,1.56,15.07,inf,Obstacle is driving toward the ego car longitudinally. Obstacle is moving away laterally to the right.
60.0,20060.0,Front-right,175.22,-56.79,170.71,-55.18,-8.39,-0.0,0.05,-0.2,20.35,inf,Obstacle is driving toward the ego car longitudinally. No lateral relative motion.
60.0,20061.0,Front-right,124.53,-169.36,120.02,-167.75,-7.79,1.23,0.01,-0.19,15.4,135.94,Obstacle is driving toward the ego car longitudinally. Obstacle is driving toward the ego car laterally from the right.
60.0,20062.0,Front-right,71.32,-22.32,66.81,-20.71,-2.67,-3.15,0.67,1.92,25.03,inf,Obstacle is driving toward the ego car longitudinally. Obstacle is moving away laterally to the right.
60.0,20063.0,Front-right,54.64,-13.98,50.13,-12.37,0.45,-4.04,0.51,2.0,inf,inf,Obstacle is moving away longitudinally. Obstacle is moving away laterally to the right.
60.0,20064.0,Front-right,120.81,-177.09,116.3,-175.48,-7.93,0.94,0.16,-0.23,14.66,186.31,Obstacle is driving toward the ego car longitudinally. Obstacle is driving toward the ego car laterally from the right.
60.0,20066.0,Front-right,116.46,-186.13,111.95,-184.52,-7.14,2.6,-1.16,0.08,15.68,71.06,Obstacle is driving toward the ego car longitudinally. Obstacle is driving toward the ego car laterally from the right.
61.0,20003.0,Front-right,154.05,-69.95,149.54,-68.34,-8.35,-0.0,0.04,-0.18,17.91,inf,Obstacle is driving toward the ego car longitudinally. No lateral relative motion.
61.0,20007.0,Front-right,147.85,-66.76,143.34,-65.15,-8.35,-0.0,0.04,-0.18,17.16,inf,Obstacle is driving toward the ego car longitudinally. No lateral relative motion.
61.0,20013.0,Front-right,141.73,-63.41,137.22,-61.8,-8.35,-0.0,0.04,-0.18,16.43,inf,Obstacle is driving toward the ego car longitudinally. No lateral relative motion.
61.0,20017.0,Front-right,135.65,-59.99,131.14,-58.38,-8.35,-0.0,0.04,-0.18,15.7,inf,Obstacle is driving toward the ego car longitudinally. No lateral relative motion.
61.0,20019.0,Front-right,129.62,-56.46,125.11,-54.85,-8.35,-0.0,0.04,-0.18,14.98,inf,Obstacle is driving toward the ego car longitudinally. No lateral relative motion.
61.0,20021.0,Front-right,123.61,-52.91,119.1,-51.3,-8.35,-0.0,0.04,-0.18,14.26,inf,Obstacle is driving toward the ego car longitudinally. No lateral relative motion.
61.0,20025.0,Front-right,117.65,-49.27,113.15,-47.66,-8.35,-0.0,0.04,-0.18,13.55,inf,Obstacle is driving toward the ego car longitudinally. No lateral relative motion.
61.0,20035.0,Front-right,111.69,-45.64,107.19,-44.03,-8.35,-0.0,0.04,-0.18,12.83,inf,Obstacle is driving toward the ego car longitudinally. No lateral relative motion.
61.0,20039.0,Front-right,105.74,-42.01,101.23,-40.4,-8.35,-0.0,0.04,-0.18,12.12,inf,Obstacle is driving toward the ego car longitudinally. No lateral relative motion.
61.0,20043.0,Rear-right,-42.13,-6.68,-37.62,-5.07,-21.55,-6.73,0.01,-0.15,inf,inf,Obstacle is moving away longitudinally. Obstacle is moving away laterally to the right.
61.0,20044.0,Left,0.9,3.95,0.0,2.34,-22.7,1.21,0.03,-0.1,0.0,inf,Exact longitudinal alignment or co. Obstacle is moving away laterally to the left.
61.0,20045.0,Front-right,162.88,-88.24,158.37,-86.63,-8.35,0.0,0.04,-0.18,18.96,inf,Obstacle is driving toward the ego car longitudinally. No lateral relative motion.
61.0,20047.0,Front-right,159.92,-94.57,155.41,-92.96,-8.35,0.0,0.04,-0.18,18.61,inf,Obstacle is driving toward the ego car longitudinally. No lateral relative motion.
61.0,20049.0,Front-right,154.47,-106.19,149.96,-104.58,-8.35,0.0,0.04,-0.18,17.96,inf,Obstacle is driving toward the ego car longitudinally. No lateral relative motion.
61.0,20050.0,Front-right,150.68,-114.28,146.17,-112.67,-8.35,0.0,0.04,-0.18,17.5,inf,Obstacle is driving toward the ego car longitudinally. No lateral relative motion.
61.0,20051.0,Front-right,147.72,-120.61,143.21,-119.0,-8.35,0.0,0.04,-0.18,17.15,inf,Obstacle is driving toward the ego car longitudinally. No lateral relative motion.
61.0,20052.0,Front-right,144.75,-126.94,140.24,-125.33,-8.35,0.0,0.04,-0.18,16.79,inf,Obstacle is driving toward the ego car longitudinally. No lateral relative motion.
61.0,20053.0,Front-right,141.79,-133.27,137.28,-131.66,-8.35,0.0,0.04,-0.18,16.44,inf,Obstacle is driving toward the ego car longitudinally. No lateral relative motion.
61.0,20054.0,Front-right,94.19,-34.96,89.68,-33.35,-7.44,-0.55,0.4,0.84,12.05,inf,Obstacle is driving toward the ego car longitudinally. Obstacle is moving away laterally to the right.
61.0,20055.0,Front-right,136.33,-144.91,131.82,-143.3,-8.35,0.0,0.04,-0.18,15.78,inf,Obstacle is driving toward the ego car longitudinally. No lateral relative motion.
61.0,20056.0,Front-right,132.53,-153.03,128.02,-151.42,-8.33,0.04,-0.25,-0.11,15.36,3834.86,Obstacle is driving toward the ego car longitudinally. Obstacle is driving toward the ego car laterally from the right.
61.0,20057.0,Front-right,171.9,-61.15,167.39,-59.54,-8.35,-0.0,0.04,-0.18,20.04,inf,Obstacle is driving toward the ego car longitudinally. No lateral relative motion.
61.0,20058.0,Front-right,129.31,-159.91,124.8,-158.3,-8.0,0.75,-0.59,-0.04,15.6,210.4,Obstacle is driving toward the ego car longitudinally. Obstacle is driving toward the ego car laterally from the right.
61.0,20059.0,Front-right,83.5,-28.65,78.99,-27.04,-5.36,-1.73,0.61,1.58,14.74,inf,Obstacle is driving toward the ego car longitudinally. Obstacle is moving away laterally to the right.
61.0,20060.0,Front-right,174.99,-54.89,170.48,-53.28,-8.35,-0.0,0.04,-0.18,20.41,inf,Obstacle is driving toward the ego car longitudinally. No lateral relative motion.
61.0,20061.0,Front-right,125.58,-167.88,121.07,-166.27,-7.77,1.24,0.01,-0.17,15.58,134.37,Obstacle is driving toward the ego car longitudinally. Obstacle is driving toward the ego car laterally from the right.
61.0,20062.0,Front-right,71.28,-21.85,66.77,-20.24,-2.79,-2.99,0.66,1.94,23.91,inf,Obstacle is driving toward the ego car longitudinally. Obstacle is moving away laterally to the right.
61.0,20063.0,Front-right,54.83,-13.78,50.32,-12.17,0.33,-3.86,0.5,2.02,inf,inf,Obstacle is moving away longitudinally. Obstacle is moving away laterally to the right.
61.0,20064.0,Front-right,121.93,-175.68,117.42,-174.07,-7.9,0.96,0.15,-0.21,14.86,181.81,Obstacle is driving toward the ego car longitudinally. Obstacle is driving toward the ego car laterally from the right.
61.0,20066.0,Front-right,117.75,-184.6,113.24,-182.99,-7.18,2.5,-1.17,0.1,15.77,73.26,Obstacle is driving toward the ego car longitudinally. Obstacle is driving toward the ego car laterally from the right.
62.0,20003.0,Front-right,153.9,-68.42,149.39,-66.81,-8.31,-0.0,0.03,-0.15,17.97,inf,Obstacle is driving toward the ego car longitudinally. No lateral relative motion.
62.0,20007.0,Front-right,147.67,-65.29,143.16,-63.68,-8.31,-0.0,0.03,-0.15,17.22,inf,Obstacle is driving toward the ego car longitudinally. No lateral relative motion.
62.0,20013.0,Front-right,141.51,-62.0,137.01,-60.39,-8.31,-0.0,0.03,-0.15,16.48,inf,Obstacle is driving toward the ego car longitudinally. No lateral relative motion.
62.0,20017.0,Front-right,135.4,-58.64,130.89,-57.03,-8.31,-0.0,0.03,-0.15,15.74,inf,Obstacle is driving toward the ego car longitudinally. No lateral relative motion.
62.0,20019.0,Front-right,129.34,-55.17,124.83,-53.56,-8.31,-0.0,0.03,-0.15,15.01,inf,Obstacle is driving toward the ego car longitudinally. No lateral relative motion.
62.0,20021.0,Front-right,123.29,-51.68,118.79,-50.07,-8.31,-0.0,0.03,-0.15,14.29,inf,Obstacle is driving toward the ego car longitudinally. No lateral relative motion.
62.0,20025.0,Front-right,117.3,-48.1,112.79,-46.49,-8.31,-0.0,0.03,-0.15,13.57,inf,Obstacle is driving toward the ego car longitudinally. No lateral relative motion.
62.0,20035.0,Front-right,111.31,-44.53,106.8,-42.92,-8.31,-0.0,0.03,-0.15,12.84,inf,Obstacle is driving toward the ego car longitudinally. No lateral relative motion.
62.0,20039.0,Front-right,105.32,-40.95,100.81,-39.34,-8.31,-0.0,0.03,-0.15,12.12,inf,Obstacle is driving toward the ego car longitudinally. No lateral relative motion.
62.0,20043.0,Rear-right,-44.2,-7.81,-39.69,-6.2,-21.23,-7.26,0.0,-0.12,inf,inf,Obstacle is moving away longitudinally. Obstacle is moving away laterally to the right.
62.0,20044.0,Left,-1.42,4.04,0.0,2.43,-22.71,0.32,0.02,-0.09,0.0,inf,Exact longitudinal alignment or co. Obstacle is moving away laterally to the left.
62.0,20045.0,Front-right,162.91,-86.62,158.4,-85.01,-8.31,0.0,0.03,-0.15,19.05,inf,Obstacle is driving toward the ego car longitudinally. No lateral relative motion.
62.0,20047.0,Front-right,160.01,-92.97,155.5,-91.36,-8.31,0.0,0.03,-0.15,18.7,inf,Obstacle is driving toward the ego car longitudinally. No lateral relative motion.
62.0,20049.0,Front-right,154.68,-104.65,150.17,-103.04,-8.31,0.0,0.03,-0.15,18.06,inf,Obstacle is driving toward the ego car longitudinally. No lateral relative motion.
62.0,20050.0,Front-right,150.97,-112.78,146.46,-111.17,-8.31,0.0,0.03,-0.15,17.61,inf,Obstacle is driving toward the ego car longitudinally. No lateral relative motion.
62.0,20051.0,Front-right,148.07,-119.14,143.56,-117.53,-8.31,0.0,0.03,-0.15,17.27,inf,Obstacle is driving toward the ego car longitudinally. No lateral relative motion.
62.0,20052.0,Front-right,145.17,-125.5,140.66,-123.89,-8.31,0.0,0.03,-0.15,16.92,inf,Obstacle is driving toward the ego car longitudinally. No lateral relative motion.
62.0,20053.0,Front-right,142.27,-131.86,137.76,-130.25,-8.31,0.0,0.03,-0.15,16.57,inf,Obstacle is driving toward the ego car longitudinally. No lateral relative motion.
62.0,20054.0,Front-right,93.78,-34.07,89.28,-32.46,-7.5,-0.49,0.39,0.87,11.91,inf,Obstacle is driving toward the ego car longitudinally. Obstacle is moving away laterally to the right.
62.0,20055.0,Front-right,136.93,-143.55,132.42,-141.94,-8.31,0.0,0.03,-0.15,15.93,inf,Obstacle is driving toward the ego car longitudinally. No lateral relative motion.
62.0,20056.0,Front-right,133.21,-151.7,128.7,-150.09,-8.31,0.01,-0.26,-0.08,15.49,12220.47,Obstacle is driving toward the ego car longitudinally. Obstacle is driving toward the ego car laterally from the right.
62.0,20057.0,Front-right,171.66,-59.44,167.15,-57.83,-8.31,-0.0,0.03,-0.15,20.1,inf,Obstacle is driving toward the ego car longitudinally. No lateral relative motion.
62.0,20058.0,Front-right,130.09,-158.55,125.58,-156.94,-8.0,0.7,-0.6,-0.01,15.7,225.11,Obstacle is driving toward the ego car longitudinally. Obstacle is driving toward the ego car laterally from the right.
62.0,20059.0,Front-right,83.24,-27.98,78.73,-26.37,-5.47,-1.61,0.6,1.61,14.4,inf,Obstacle is driving toward the ego car longitudinally. Obstacle is moving away laterally to the right.
62.0,20060.0,Front-right,174.68,-53.15,170.18,-51.54,-8.31,-0.0,0.03,-0.15,20.47,inf,Obstacle is driving toward the ego car longitudinally. No lateral relative motion.
62.0,20061.0,Front-right,126.46,-166.5,121.95,-164.89,-7.75,1.24,-0.0,-0.14,15.74,132.99,Obstacle is driving toward the ego car longitudinally. Obstacle is driving toward the ego car laterally from the right.
62.0,20062.0,Front-right,71.2,-21.43,66.7,-19.82,-2.92,-2.83,0.65,1.97,22.82,inf,Obstacle is driving toward the ego car longitudinally. Obstacle is moving away laterally to the right.
62.0,20063.0,Front-right,54.98,-13.6,50.48,-11.99,0.2,-3.68,0.5,2.05,inf,inf,Obstacle is moving away longitudinally. Obstacle is moving away laterally to the right.
62.0,20064.0,Front-right,122.87,-174.36,118.36,-172.75,-7.87,0.97,0.15,-0.18,15.04,177.62,Obstacle is driving toward the ego car longitudinally. Obstacle is driving toward the ego car laterally from the right.
62.0,20066.0,Front-right,118.85,-183.17,114.34,-181.56,-7.22,2.4,-1.18,0.13,15.83,75.76,Obstacle is driving toward the ego car longitudinally. Obstacle is driving toward the ego car laterally from the right.
63.0,20003.0,Front-right,153.73,-66.92,149.22,-65.31,-8.3,-0.0,0.01,-0.04,17.98,inf,Obstacle is driving toward the ego car longitudinally. No lateral relative motion.
63.0,20007.0,Front-right,147.47,-63.85,142.96,-62.24,-8.3,-0.0,0.01,-0.04,17.23,inf,Obstacle is driving toward the ego car longitudinally. No lateral relative motion.
63.0,20013.0,Front-right,141.28,-60.62,136.77,-59.01,-8.3,-0.0,0.01,-0.04,16.48,inf,Obstacle is driving toward the ego car longitudinally. No lateral relative motion.
63.0,20017.0,Front-right,135.13,-57.32,130.62,-55.71,-8.3,-0.0,0.01,-0.04,15.74,inf,Obstacle is driving toward the ego car longitudinally. No lateral relative motion.
63.0,20019.0,Front-right,129.04,-53.91,124.53,-52.3,-8.3,-0.0,0.01,-0.04,15.01,inf,Obstacle is driving toward the ego car longitudinally. No lateral relative motion.
63.0,20021.0,Front-right,122.96,-50.48,118.45,-48.87,-8.3,-0.0,0.01,-0.04,14.27,inf,Obstacle is driving toward the ego car longitudinally. No lateral relative motion.
63.0,20025.0,Front-right,116.93,-46.96,112.42,-45.35,-8.3,-0.0,0.01,-0.04,13.55,inf,Obstacle is driving toward the ego car longitudinally. No lateral relative motion.
63.0,20035.0,Front-right,110.9,-43.44,106.39,-41.83,-8.3,-0.0,0.01,-0.04,12.82,inf,Obstacle is driving toward the ego car longitudinally. No lateral relative motion.
63.0,20039.0,Front-right,104.88,-39.93,100.37,-38.32,-8.3,-0.0,0.01,-0.04,12.09,inf,Obstacle is driving toward the ego car longitudinally. No lateral relative motion.
63.0,20043.0,Rear-right,-46.25,-8.99,-41.74,-7.38,-21.15,-7.39,-0.02,-0.01,inf,inf,Obstacle is moving away longitudinally. Obstacle is moving away laterally to the right.
63.0,20044.0,Left,-3.74,4.05,0.0,2.44,-22.71,0.18,-0.0,0.02,0.0,inf,Exact longitudinal alignment or co. Obstacle is moving away laterally to the left.
63.0,20045.0,Front-right,162.91,-85.03,158.4,-83.42,-8.3,0.0,0.01,-0.04,19.09,inf,Obstacle is driving toward the ego car longitudinally. No lateral relative motion.
63.0,20047.0,Front-right,160.07,-91.41,155.57,-89.8,-8.3,0.0,0.01,-0.04,18.75,inf,Obstacle is driving toward the ego car longitudinally. No lateral relative motion.
63.0,20049.0,Front-right,154.86,-103.14,150.35,-101.53,-8.3,0.0,0.01,-0.04,18.12,inf,Obstacle is driving toward the ego car longitudinally. No lateral relative motion.
63.0,20050.0,Front-right,151.23,-111.31,146.72,-109.7,-8.3,0.0,0.01,-0.04,17.68,inf,Obstacle is driving toward the ego car longitudinally. No lateral relative motion.
63.0,20051.0,Front-right,148.39,-117.69,143.88,-116.08,-8.3,0.0,0.01,-0.04,17.34,inf,Obstacle is driving toward the ego car longitudinally. No lateral relative motion.
63.0,20052.0,Front-right,145.55,-124.08,141.04,-122.47,-8.3,0.0,0.01,-0.04,17.0,inf,Obstacle is driving toward the ego car longitudinally. No lateral relative motion.
63.0,20053.0,Front-right,142.71,-130.47,138.2,-128.86,-8.3,0.0,0.01,-0.04,16.65,inf,Obstacle is driving toward the ego car longitudinally. No lateral relative motion.
63.0,20054.0,Front-right,93.36,-33.2,88.85,-31.59,-7.57,-0.43,0.37,0.98,11.74,inf,Obstacle is driving toward the ego car longitudinally. Obstacle is moving away laterally to the right.
63.0,20055.0,Front-right,137.49,-142.21,132.98,-140.6,-8.3,0.0,0.01,-0.04,16.02,inf,Obstacle is driving toward the ego car longitudinally. No lateral relative motion.
63.0,20056.0,Front-right,133.85,-150.4,129.34,-148.79,-8.3,0.0,0.01,-0.04,15.59,inf,Obstacle is driving toward the ego car longitudinally. No lateral relative motion.
63.0,20057.0,Front-right,171.4,-57.76,166.89,-56.15,-8.3,-0.0,0.01,-0.04,20.11,inf,Obstacle is driving toward the ego car longitudinally. No lateral relative motion.
63.0,20058.0,Front-right,130.82,-157.21,126.31,-155.6,-8.01,0.64,-0.62,0.1,15.76,242.63,Obstacle is driving toward the ego car longitudinally. Obstacle is driving toward the ego car laterally from the right.
63.0,20059.0,Front-right,82.95,-27.32,78.44,-25.71,-5.6,-1.49,0.58,1.72,14.01,inf,Obstacle is driving toward the ego car longitudinally. Obstacle is moving away laterally to the right.
63.0,20060.0,Front-right,174.36,-51.45,169.85,-49.84,-8.3,-0.0,0.01,-0.04,20.47,inf,Obstacle is driving toward the ego car longitudinally. No lateral relative motion.
63.0,20061.0,Front-right,127.3,-165.13,122.79,-163.52,-7.75,1.24,-0.02,-0.04,15.85,131.64,Obstacle is driving toward the ego car longitudinally. Obstacle is driving toward the ego car laterally from the right.
63.0,20062.0,Front-right,71.11,-21.01,66.6,-19.4,-3.08,-2.68,0.63,2.08,21.65,inf,Obstacle is driving toward the ego car longitudinally. Obstacle is moving away laterally to the right.
63.0,20063.0,Front-right,55.13,-13.42,50.62,-11.81,0.04,-3.51,0.47,2.16,inf,inf,Obstacle is moving away longitudinally. Obstacle is moving away laterally to the right.
63.0,20064.0,Front-right,123.77,-173.06,119.26,-171.45,-7.86,0.99,0.12,-0.07,15.17,173.61,Obstacle is driving toward the ego car longitudinally. Obstacle is driving toward the ego car laterally from the right.
63.0,20066.0,Front-right,119.9,-181.77,115.39,-180.16,-7.28,2.29,-1.2,0.24,15.85,78.54,Obstacle is driving toward the ego car longitudinally. Obstacle is driving toward the ego car laterally from the right.
64.0,20003.0,Front-right,153.51,-65.5,149.0,-63.89,-8.28,-0.0,0.01,-0.07,18.0,inf,Obstacle is driving toward the ego car longitudinally. No lateral relative motion.
64.0,20007.0,Front-right,147.22,-62.49,142.71,-60.88,-8.28,-0.0,0.01,-0.07,17.24,inf,Obstacle is driving toward the ego car longitudinally. No lateral relative motion.
64.0,20013.0,Front-right,141.0,-59.32,136.49,-57.71,-8.28,-0.0,0.01,-0.07,16.49,inf,Obstacle is driving toward the ego car longitudinally. No lateral relative motion.
64.0,20017.0,Front-right,134.82,-56.07,130.31,-54.46,-8.28,-0.0,0.01,-0.07,15.74,inf,Obstacle is driving toward the ego car longitudinally. No lateral relative motion.
64.0,20019.0,Front-right,128.7,-52.72,124.19,-51.11,-8.28,-0.0,0.01,-0.07,15.0,inf,Obstacle is driving toward the ego car longitudinally. No lateral relative motion.
64.0,20021.0,Front-right,122.59,-49.34,118.08,-47.73,-8.28,-0.0,0.01,-0.07,14.26,inf,Obstacle is driving toward the ego car longitudinally. No lateral relative motion.
64.0,20025.0,Front-right,116.53,-45.88,112.02,-44.27,-8.28,-0.0,0.01,-0.07,13.53,inf,Obstacle is driving toward the ego car longitudinally. No lateral relative motion.
64.0,20035.0,Front-right,110.47,-42.42,105.96,-40.81,-8.28,-0.0,0.01,-0.07,12.8,inf,Obstacle is driving toward the ego car longitudinally. No lateral relative motion.
64.0,20039.0,Front-right,104.41,-38.96,99.9,-37.35,-8.28,-0.0,0.01,-0.07,12.07,inf,Obstacle is driving toward the ego car longitudinally. No lateral relative motion.
64.0,20043.0,Rear-right,-48.28,-10.17,-43.77,-8.56,-21.07,-7.51,-0.02,-0.03,inf,inf,Obstacle is moving away longitudinally. Obstacle is moving away laterally to the right.
64.0,20044.0,Rear-left,-6.06,4.02,-1.55,2.41,-22.7,0.05,0.0,-0.0,inf,inf,Obstacle is moving away longitudinally. Obstacle is moving away laterally to the left.
64.0,20045.0,Front-right,162.86,-83.53,158.35,-81.92,-8.28,0.0,0.01,-0.07,19.13,inf,Obstacle is driving toward the ego car longitudinally. No lateral relative motion.
64.0,20047.0,Front-right,160.08,-89.93,155.57,-88.32,-8.28,0.0,0.01,-0.07,18.79,inf,Obstacle is driving toward the ego car longitudinally. No lateral relative motion.
64.0,20049.0,Front-right,154.97,-101.71,150.46,-100.1,-8.28,0.0,0.01,-0.07,18.17,inf,Obstacle is driving toward the ego car longitudinally. No lateral relative motion.
64.0,20050.0,Front-right,151.42,-109.91,146.91,-108.3,-8.28,0.0,0.01,-0.07,17.75,inf,Obstacle is driving toward the ego car longitudinally. No lateral relative motion.
64.0,20051.0,Front-right,148.64,-116.32,144.13,-114.71,-8.28,0.0,0.01,-0.07,17.41,inf,Obstacle is driving toward the ego car longitudinally. No lateral relative motion.
64.0,20052.0,Front-right,145.86,-122.73,141.35,-121.12,-8.28,0.0,0.01,-0.07,17.07,inf,Obstacle is driving toward the ego car longitudinally. No lateral relative motion.
64.0,20053.0,Front-right,143.07,-129.15,138.57,-127.54,-8.28,0.0,0.01,-0.07,16.74,inf,Obstacle is driving toward the ego car longitudinally. No lateral relative motion.
64.0,20054.0,Front-right,92.9,-32.38,88.39,-30.77,-7.62,-0.38,0.28,0.71,11.6,inf,Obstacle is driving toward the ego car longitudinally. Obstacle is moving away laterally to the right.
64.0,20055.0,Front-right,137.96,-140.94,133.45,-139.33,-8.28,0.0,0.01,-0.07,16.12,inf,Obstacle is driving toward the ego car longitudinally. No lateral relative motion.
64.0,20056.0,Front-right,134.4,-149.16,129.89,-147.55,-8.28,0.0,0.01,-0.07,15.69,inf,Obstacle is driving toward the ego car longitudinally. No lateral relative motion.
64.0,20057.0,Front-right,171.09,-56.18,166.59,-54.57,-8.28,-0.0,0.01,-0.07,20.12,inf,Obstacle is driving toward the ego car longitudinally. No lateral relative motion.
64.0,20058.0,Front-right,131.46,-155.93,126.95,-154.32,-8.02,0.59,-0.6,0.08,15.82,263.07,Obstacle is driving toward the ego car longitudinally. Obstacle is driving toward the ego car laterally from the right.
64.0,20059.0,Front-right,82.63,-26.7,78.12,-25.09,-5.71,-1.39,0.52,1.5,13.68,inf,Obstacle is driving toward the ego car longitudinally. Obstacle is moving away laterally to the right.
64.0,20060.0,Front-right,174.0,-49.84,169.49,-48.23,-8.28,-0.0,0.01,-0.07,20.47,inf,Obstacle is driving toward the ego car longitudinally. No lateral relative motion.
64.0,20061.0,Front-right,128.03,-163.83,123.53,-162.22,-7.75,1.22,-0.23,-0.01,15.94,132.47,Obstacle is driving toward the ego car longitudinally. Obstacle is driving toward the ego car laterally from the right.
64.0,20062.0,Front-right,70.98,-20.61,66.48,-19.0,-3.22,-2.53,0.6,1.94,20.65,inf,Obstacle is driving toward the ego car longitudinally. Obstacle is moving away laterally to the right.
64.0,20063.0,Front-right,55.24,-13.25,50.73,-11.64,-0.12,-3.35,0.49,2.18,422.23,inf,Obstacle is driving toward the ego car longitudinally. Obstacle is moving away laterally to the right.
64.0,20064.0,Front-right,124.57,-171.81,120.07,-170.2,-7.84,1.01,0.16,-0.1,15.31,169.31,Obstacle is driving toward the ego car longitudinally. Obstacle is driving toward the ego car laterally from the right.
64.0,20066.0,Front-right,120.83,-180.44,116.33,-178.83,-7.32,2.21,-0.93,0.15,15.89,80.75,Obstacle is driving toward the ego car longitudinally. Obstacle is driving toward the ego car laterally from the right.
65.0,20003.0,Front-right,153.17,-64.34,148.66,-62.73,-8.25,-0.0,0.02,-0.11,18.01,inf,Obstacle is driving toward the ego car longitudinally. No lateral relative motion.
65.0,20007.0,Front-right,146.86,-61.38,142.35,-59.77,-8.25,-0.0,0.02,-0.11,17.25,inf,Obstacle is driving toward the ego car longitudinally. No lateral relative motion.
65.0,20013.0,Front-right,140.61,-58.25,136.11,-56.64,-8.25,-0.0,0.02,-0.11,16.49,inf,Obstacle is driving toward the ego car longitudinally. No lateral relative motion.
65.0,20017.0,Front-right,134.41,-55.05,129.9,-53.44,-8.25,-0.0,0.02,-0.11,15.74,inf,Obstacle is driving toward the ego car longitudinally. No lateral relative motion.
65.0,20019.0,Front-right,128.26,-51.75,123.75,-50.14,-8.25,-0.0,0.02,-0.11,15.0,inf,Obstacle is driving toward the ego car longitudinally. No lateral relative motion.
65.0,20021.0,Front-right,122.13,-48.42,117.62,-46.81,-8.25,-0.0,0.02,-0.11,14.25,inf,Obstacle is driving toward the ego car longitudinally. No lateral relative motion.
65.0,20025.0,Front-right,116.04,-45.0,111.53,-43.39,-8.25,-0.0,0.02,-0.11,13.51,inf,Obstacle is driving toward the ego car longitudinally. No lateral relative motion.
65.0,20035.0,Front-right,109.95,-41.58,105.45,-39.97,-8.25,-0.0,0.02,-0.11,12.78,inf,Obstacle is driving toward the ego car longitudinally. No lateral relative motion.
65.0,20039.0,Front-right,103.87,-38.17,99.36,-36.56,-8.25,-0.0,0.02,-0.11,12.04,inf,Obstacle is driving toward the ego car longitudinally. No lateral relative motion.
65.0,20043.0,Rear-right,-50.31,-11.3,-45.8,-9.69,-20.99,-7.61,-0.01,-0.08,inf,inf,Obstacle is moving away longitudinally. Obstacle is moving away laterally to the right.
65.0,20044.0,Rear-left,-8.37,3.96,-3.86,2.35,-22.68,-0.06,0.01,-0.05,inf,37.42,Obstacle is moving away longitudinally. Obstacle is driving toward the ego car laterally from the left.
65.0,20045.0,Front-right,162.65,-82.29,158.15,-80.68,-8.25,0.0,0.02,-0.11,19.16,inf,Obstacle is driving toward the ego car longitudinally. No lateral relative motion.
65.0,20047.0,Front-right,159.93,-88.72,155.42,-87.11,-8.25,0.0,0.02,-0.11,18.83,inf,Obstacle is driving toward the ego car longitudinally. No lateral relative motion.
65.0,20049.0,Front-right,154.91,-100.54,150.4,-98.93,-8.25,0.0,0.02,-0.11,18.22,inf,Obstacle is driving toward the ego car longitudinally. No lateral relative motion.
65.0,20050.0,Front-right,151.41,-108.76,146.91,-107.15,-8.25,0.0,0.02,-0.11,17.8,inf,Obstacle is driving toward the ego car longitudinally. No lateral relative motion.
65.0,20051.0,Front-right,148.68,-115.19,144.18,-113.58,-8.25,0.0,0.02,-0.11,17.47,inf,Obstacle is driving toward the ego car longitudinally. No lateral relative motion.
65.0,20052.0,Front-right,145.95,-121.63,141.44,-120.02,-8.25,0.0,0.02,-0.11,17.14,inf,Obstacle is driving toward the ego car longitudinally. No lateral relative motion.
65.0,20053.0,Front-right,143.22,-128.06,138.71,-126.45,-8.25,0.0,0.02,-0.11,16.81,inf,Obstacle is driving toward the ego car longitudinally. No lateral relative motion.
65.0,20054.0,Front-right,92.37,-31.71,87.87,-30.1,-7.66,-0.33,0.29,0.66,11.47,inf,Obstacle is driving toward the ego car longitudinally. Obstacle is moving away laterally to the right.
65.0,20055.0,Front-right,138.19,-139.89,133.68,-138.28,-8.25,0.0,0.02,-0.11,16.2,inf,Obstacle is driving toward the ego car longitudinally. No lateral relative motion.
65.0,20056.0,Front-right,134.69,-148.14,130.18,-146.53,-8.25,0.0,0.02,-0.11,15.77,inf,Obstacle is driving toward the ego car longitudinally. No lateral relative motion.
65.0,20057.0,Front-right,170.68,-54.89,166.18,-53.28,-8.25,-0.0,0.02,-0.11,20.14,inf,Obstacle is driving toward the ego car longitudinally. No lateral relative motion.
65.0,20058.0,Front-right,131.83,-154.88,127.32,-153.27,-8.03,0.53,-0.59,0.03,15.86,288.59,Obstacle is driving toward the ego car longitudinally. Obstacle is driving toward the ego car laterally from the right.
65.0,20059.0,Front-right,82.25,-26.21,77.75,-24.6,-5.82,-1.29,0.53,1.45,13.36,inf,Obstacle is driving toward the ego car longitudinally. Obstacle is moving away laterally to the right.
65.0,20060.0,Front-right,173.54,-48.52,169.03,-46.91,-8.25,-0.0,0.02,-0.11,20.48,inf,Obstacle is driving toward the ego car longitudinally. No lateral relative motion.
65.0,20061.0,Front-right,128.49,-162.74,123.98,-161.13,-7.74,1.21,-0.22,-0.06,16.02,133.63,Obstacle is driving toward the ego car longitudinally. Obstacle is driving toward the ego car laterally from the right.
65.0,20062.0,Front-right,70.81,-20.32,66.3,-18.71,-3.36,-2.4,0.6,1.89,19.72,inf,Obstacle is driving toward the ego car longitudinally. Obstacle is moving away laterally to the right.
65.0,20063.0,Front-right,55.32,-13.16,50.81,-11.55,-0.28,-3.2,0.5,2.14,179.77,inf,Obstacle is driving toward the ego car longitudinally. Obstacle is moving away laterally to the right.
65.0,20064.0,Front-right,125.08,-170.76,120.58,-169.15,-7.82,1.02,0.17,-0.15,15.42,165.45,Obstacle is driving toward the ego car longitudinally. Obstacle is driving toward the ego car laterally from the right.
65.0,20066.0,Front-right,121.46,-179.3,116.95,-177.69,-7.35,2.13,-0.92,0.11,15.92,83.31,Obstacle is driving toward the ego car longitudinally. Obstacle is driving toward the ego car laterally from the right.
66.0,20003.0,Front-right,152.77,-63.31,148.26,-61.7,-8.24,-0.0,0.01,-0.08,18.0,inf,Obstacle is driving toward the ego car longitudinally. No lateral relative motion.
66.0,20007.0,Front-right,146.44,-60.39,141.93,-58.78,-8.24,-0.0,0.01,-0.08,17.23,inf,Obstacle is driving toward the ego car longitudinally. No lateral relative motion.
66.0,20013.0,Front-right,140.17,-57.31,135.67,-55.7,-8.24,-0.0,0.01,-0.08,16.47,inf,Obstacle is driving toward the ego car longitudinally. No lateral relative motion.
66.0,20017.0,Front-right,133.95,-54.15,129.44,-52.54,-8.24,-0.0,0.01,-0.08,15.71,inf,Obstacle is driving toward the ego car longitudinally. No lateral relative motion.
66.0,20019.0,Front-right,127.78,-50.89,123.27,-49.28,-8.24,-0.0,0.01,-0.08,14.97,inf,Obstacle is driving toward the ego car longitudinally. No lateral relative motion.
66.0,20021.0,Front-right,121.62,-47.6,117.11,-45.99,-8.24,-0.0,0.01,-0.08,14.22,inf,Obstacle is driving toward the ego car longitudinally. No lateral relative motion.
66.0,20025.0,Front-right,115.51,-44.22,111.0,-42.61,-8.24,-0.0,0.01,-0.08,13.48,inf,Obstacle is driving toward the ego car longitudinally. No lateral relative motion.
66.0,20035.0,Front-right,109.4,-40.85,104.89,-39.24,-8.24,-0.0,0.01,-0.08,12.73,inf,Obstacle is driving toward the ego car longitudinally. No lateral relative motion.
66.0,20039.0,Front-right,103.3,-37.47,98.79,-35.86,-8.24,-0.0,0.01,-0.08,11.99,inf,Obstacle is driving toward the ego car longitudinally. No lateral relative motion.
66.0,20043.0,Rear-right,-52.33,-12.4,-47.82,-10.79,-20.92,-7.69,-0.01,-0.05,inf,inf,Obstacle is moving away longitudinally. Obstacle is moving away laterally to the right.
66.0,20044.0,Rear-left,-10.67,3.89,-6.16,2.28,-22.67,-0.16,0.0,-0.02,inf,14.32,Obstacle is moving away longitudinally. Obstacle is driving toward the ego car laterally from the left.
66.0,20045.0,Front-right,162.37,-81.2,157.87,-79.59,-8.24,0.0,0.01,-0.08,19.17,inf,Obstacle is driving toward the ego car longitudinally. No lateral relative motion.
66.0,20047.0,Front-right,159.69,-87.65,155.18,-86.04,-8.24,0.0,0.01,-0.08,18.84,inf,Obstacle is driving toward the ego car longitudinally. No lateral relative motion.
66.0,20049.0,Front-right,154.75,-99.5,150.24,-97.89,-8.24,0.0,0.01,-0.08,18.24,inf,Obstacle is driving toward the ego car longitudinally. No lateral relative motion.
66.0,20050.0,Front-right,151.31,-107.75,146.8,-106.14,-8.24,0.0,0.01,-0.08,17.82,inf,Obstacle is driving toward the ego car longitudinally. No lateral relative motion.
66.0,20051.0,Front-right,148.62,-114.2,144.12,-112.59,-8.24,0.0,0.01,-0.08,17.5,inf,Obstacle is driving toward the ego car longitudinally. No lateral relative motion.
66.0,20052.0,Front-right,145.93,-120.65,141.43,-119.04,-8.24,0.0,0.01,-0.08,17.17,inf,Obstacle is driving toward the ego car longitudinally. No lateral relative motion.
66.0,20053.0,Front-right,143.24,-127.1,138.74,-125.49,-8.24,0.0,0.01,-0.08,16.84,inf,Obstacle is driving toward the ego car longitudinally. No lateral relative motion.
66.0,20054.0,Front-right,91.81,-31.13,87.3,-29.52,-7.71,-0.29,0.29,0.69,11.32,inf,Obstacle is driving toward the ego car longitudinally. Obstacle is moving away laterally to the right.
66.0,20055.0,Front-right,138.3,-138.97,133.79,-137.36,-8.24,0.0,0.01,-0.08,16.24,inf,Obstacle is driving toward the ego car longitudinally. No lateral relative motion.
66.0,20056.0,Front-right,134.85,-147.23,130.34,-145.62,-8.24,0.0,0.01,-0.08,15.82,inf,Obstacle is driving toward the ego car longitudinally. No lateral relative motion.
66.0,20057.0,Front-right,170.22,-53.75,165.71,-52.14,-8.24,-0.0,0.01,-0.08,20.12,inf,Obstacle is driving toward the ego car longitudinally. No lateral relative motion.
66.0,20058.0,Front-right,132.06,-153.94,127.55,-152.33,-8.04,0.48,-0.59,0.06,15.87,320.7,Obstacle is driving toward the ego car longitudinally. Obstacle is driving toward the ego car laterally from the right.
66.0,20059.0,Front-right,81.84,-25.78,77.33,-24.17,-5.94,-1.2,0.52,1.48,13.02,inf,Obstacle is driving toward the ego car longitudinally. Obstacle is moving away laterally to the right.
66.0,20060.0,Front-right,173.03,-47.36,168.53,-45.75,-8.24,-0.0,0.01,-0.08,20.46,inf,Obstacle is driving toward the ego car longitudinally. No lateral relative motion.
66.0,20061.0,Front-right,128.8,-161.75,124.29,-160.14,-7.74,1.19,-0.23,-0.03,16.05,134.98,Obstacle is driving toward the ego car longitudinally. Obstacle is driving toward the ego car laterally from the right.
66.0,20062.0,Front-right,70.6,-20.08,66.09,-18.47,-3.52,-2.28,0.6,1.92,18.78,inf,Obstacle is driving toward the ego car longitudinally. Obstacle is moving away laterally to the right.
66.0,20063.0,Front-right,55.37,-13.11,50.86,-11.5,-0.59,-3.36,0.58,2.15,86.81,inf,Obstacle is driving toward the ego car longitudinally. Obstacle is moving away laterally to the right.
66.0,20064.0,Front-right,125.44,-169.82,120.93,-168.21,-7.8,1.04,0.16,-0.12,15.5,161.88,Obstacle is driving toward the ego car longitudinally. Obstacle is driving toward the ego car laterally from the right.
66.0,20066.0,Front-right,121.91,-178.27,117.41,-176.66,-7.38,2.05,-0.93,0.14,15.9,86.19,Obstacle is driving toward the ego car longitudinally. Obstacle is driving toward the ego car laterally from the right.
67.0,20003.0,Front-right,152.14,-62.83,147.63,-61.22,-8.21,-0.0,0.02,-0.14,17.98,inf,Obstacle is driving toward the ego car longitudinally. No lateral relative motion.
67.0,20007.0,Front-right,145.8,-59.93,141.29,-58.32,-8.21,-0.0,0.02,-0.14,17.21,inf,Obstacle is driving toward the ego car longitudinally. No lateral relative motion.
67.0,20013.0,Front-right,139.53,-56.87,135.02,-55.26,-8.21,-0.0,0.02,-0.14,16.44,inf,Obstacle is driving toward the ego car longitudinally. No lateral relative motion.
67.0,20017.0,Front-right,133.3,-53.73,128.79,-52.12,-8.21,-0.0,0.02,-0.14,15.68,inf,Obstacle is driving toward the ego car longitudinally. No lateral relative motion.
67.0,20019.0,Front-right,127.11,-50.49,122.61,-48.88,-8.21,-0.0,0.02,-0.14,14.93,inf,Obstacle is driving toward the ego car longitudinally. No lateral relative motion.
67.0,20021.0,Front-right,120.95,-47.22,116.44,-45.61,-8.21,-0.0,0.02,-0.14,14.18,inf,Obstacle is driving toward the ego car longitudinally. No lateral relative motion.
67.0,20025.0,Front-right,114.83,-43.86,110.32,-42.25,-8.21,-0.0,0.02,-0.14,13.43,inf,Obstacle is driving toward the ego car longitudinally. No lateral relative motion.
67.0,20035.0,Front-right,108.71,-40.5,104.2,-38.89,-8.21,-0.0,0.02,-0.14,12.69,inf,Obstacle is driving toward the ego car longitudinally. No lateral relative motion.
67.0,20039.0,Front-right,102.59,-37.15,98.08,-35.54,-8.21,-0.0,0.02,-0.14,11.94,inf,Obstacle is driving toward the ego car longitudinally. No lateral relative motion.
67.0,20043.0,Rear-right,-54.39,-13.35,-49.88,-11.74,-20.88,-7.73,-0.0,-0.11,inf,inf,Obstacle is moving away longitudinally. Obstacle is moving away laterally to the right.
67.0,20044.0,Rear-left,-12.96,3.76,-8.45,2.15,-22.58,-1.35,0.01,-0.08,inf,1.59,Obstacle is moving away longitudinally. Obstacle is driving toward the ego car laterally from the left.
67.0,20045.0,Front-right,161.8,-80.69,157.3,-79.08,-8.21,0.0,0.02,-0.14,19.15,inf,Obstacle is driving toward the ego car longitudinally. No lateral relative motion.
67.0,20047.0,Front-right,159.14,-87.15,154.63,-85.54,-8.21,0.0,0.02,-0.14,18.83,inf,Obstacle is driving toward the ego car longitudinally. No lateral relative motion.
67.0,20049.0,Front-right,154.24,-99.01,149.73,-97.4,-8.21,0.0,0.02,-0.14,18.23,inf,Obstacle is driving toward the ego car longitudinally. No lateral relative motion.
67.0,20050.0,Front-right,150.82,-107.27,146.32,-105.66,-8.21,0.0,0.02,-0.14,17.82,inf,Obstacle is driving toward the ego car longitudinally. No lateral relative motion.
67.0,20051.0,Front-right,148.16,-113.73,143.65,-112.12,-8.21,0.0,0.02,-0.14,17.49,inf,Obstacle is driving toward the ego car longitudinally. No lateral relative motion.
67.0,20052.0,Front-right,145.49,-120.19,140.98,-118.58,-8.21,0.0,0.02,-0.14,17.17,inf,Obstacle is driving toward the ego car longitudinally. No lateral relative motion.
67.0,20053.0,Front-right,142.82,-126.65,138.31,-125.04,-8.21,0.0,0.02,-0.14,16.84,inf,Obstacle is driving toward the ego car longitudinally. No lateral relative motion.
67.0,20054.0,Front-right,91.13,-30.86,86.63,-29.25,-7.76,-0.25,0.29,0.64,11.16,inf,Obstacle is driving toward the ego car longitudinally. Obstacle is moving away laterally to the right.
67.0,20055.0,Front-right,137.91,-138.53,133.4,-136.92,-8.21,0.0,0.02,-0.14,16.24,inf,Obstacle is driving toward the ego car longitudinally. No lateral relative motion.
67.0,20056.0,Front-right,134.49,-146.81,129.98,-145.2,-8.21,0.0,0.02,-0.14,15.83,inf,Obstacle is driving toward the ego car longitudinally. No lateral relative motion.
67.0,20057.0,Front-right,169.56,-53.21,165.06,-51.6,-8.21,-0.0,0.02,-0.14,20.1,inf,Obstacle is driving toward the ego car longitudinally. No lateral relative motion.
67.0,20058.0,Front-right,131.73,-153.48,127.22,-151.87,-8.04,0.42,-0.59,0.0,15.82,363.38,Obstacle is driving toward the ego car longitudinally. Obstacle is driving toward the ego car laterally from the right.
67.0,20059.0,Front-right,81.32,-25.64,76.81,-24.03,-6.06,-1.12,0.53,1.43,12.68,inf,Obstacle is driving toward the ego car longitudinally. Obstacle is moving away laterally to the right.
67.0,20060.0,Front-right,172.36,-46.81,167.85,-45.2,-8.21,-0.0,0.02,-0.14,20.44,inf,Obstacle is driving toward the ego car longitudinally. No lateral relative motion.
67.0,20061.0,Front-right,128.53,-161.23,124.02,-159.62,-7.73,1.17,-0.22,-0.08,16.04,137.0,Obstacle is driving toward the ego car longitudinally. Obstacle is driving toward the ego car laterally from the right.
67.0,20062.0,Front-right,70.3,-20.08,65.79,-18.47,-3.67,-2.17,0.61,1.87,17.9,inf,Obstacle is driving toward the ego car longitudinally. Obstacle is moving away laterally to the right.
67.0,20063.0,Front-right,55.34,-13.26,50.83,-11.65,-0.76,-3.25,0.59,2.09,66.78,inf,Obstacle is driving toward the ego car longitudinally. Obstacle is moving away laterally to the right.
67.0,20064.0,Front-right,125.19,-169.32,120.68,-167.71,-7.78,1.05,0.17,-0.17,15.52,159.07,Obstacle is driving toward the ego car longitudinally. Obstacle is driving toward the ego car laterally from the right.
67.0,20066.0,Front-right,121.73,-177.69,117.22,-176.08,-7.4,1.96,-0.92,0.08,15.84,89.69,Obstacle is driving toward the ego car longitudinally. Obstacle is driving toward the ego car laterally from the right.
68.0,20003.0,Front-right,151.67,-61.98,147.16,-60.37,-8.18,-0.0,0.03,-0.18,17.99,inf,Obstacle is driving toward the ego car longitudinally. No lateral relative motion.
68.0,20007.0,Front-right,145.31,-59.11,140.81,-57.5,-8.18,-0.0,0.03,-0.18,17.21,inf,Obstacle is driving toward the ego car longitudinally. No lateral relative motion.
68.0,20013.0,Front-right,139.02,-56.08,134.52,-54.47,-8.18,-0.0,0.03,-0.18,16.45,inf,Obstacle is driving toward the ego car longitudinally. No lateral relative motion.
68.0,20017.0,Front-right,132.77,-52.98,128.26,-51.37,-8.18,-0.0,0.03,-0.18,15.68,inf,Obstacle is driving toward the ego car longitudinally. No lateral relative motion.
68.0,20019.0,Front-right,126.57,-49.77,122.06,-48.16,-8.18,-0.0,0.03,-0.18,14.92,inf,Obstacle is driving toward the ego car longitudinally. No lateral relative motion.
68.0,20021.0,Front-right,120.39,-46.53,115.88,-44.92,-8.18,-0.0,0.03,-0.18,14.17,inf,Obstacle is driving toward the ego car longitudinally. No lateral relative motion.
68.0,20025.0,Front-right,114.25,-43.21,109.74,-41.6,-8.18,-0.0,0.03,-0.18,13.42,inf,Obstacle is driving toward the ego car longitudinally. No lateral relative motion.
68.0,20035.0,Front-right,108.11,-39.89,103.6,-38.28,-8.18,-0.0,0.03,-0.18,12.67,inf,Obstacle is driving toward the ego car longitudinally. No lateral relative motion.
68.0,20039.0,Front-right,101.97,-36.57,97.47,-34.96,-8.18,-0.0,0.03,-0.18,11.92,inf,Obstacle is driving toward the ego car longitudinally. No lateral relative motion.
68.0,20043.0,Rear-right,-56.41,-14.44,-51.9,-12.83,-20.81,-7.81,0.0,-0.15,inf,inf,Obstacle is moving away longitudinally. Obstacle is moving away laterally to the right.
68.0,20044.0,Rear-left,-15.24,3.54,-10.73,1.93,-22.55,-1.43,0.01,-0.12,inf,1.35,Obstacle is moving away longitudinally. Obstacle is driving toward the ego car laterally from the left.
68.0,20045.0,Front-right,161.43,-79.78,156.92,-78.17,-8.18,0.0,0.03,-0.18,19.18,inf,Obstacle is driving toward the ego car longitudinally. No lateral relative motion.
68.0,20047.0,Front-right,158.8,-86.25,154.3,-84.64,-8.18,0.0,0.03,-0.18,18.86,inf,Obstacle is driving toward the ego car longitudinally. No lateral relative motion.
68.0,20049.0,Front-right,153.97,-98.14,149.46,-96.53,-8.18,0.0,0.03,-0.18,18.27,inf,Obstacle is driving toward the ego car longitudinally. No lateral relative motion.
68.0,20050.0,Front-right,150.6,-106.42,146.09,-104.81,-8.18,0.0,0.03,-0.18,17.86,inf,Obstacle is driving toward the ego car longitudinally. No lateral relative motion.
68.0,20051.0,Front-right,147.97,-112.89,143.46,-111.28,-8.18,0.0,0.03,-0.18,17.54,inf,Obstacle is driving toward the ego car longitudinally. No lateral relative motion.
68.0,20052.0,Front-right,145.34,-119.37,140.83,-117.76,-8.18,0.0,0.03,-0.18,17.22,inf,Obstacle is driving toward the ego car longitudinally. No lateral relative motion.
68.0,20053.0,Front-right,142.71,-125.85,138.2,-124.24,-8.18,0.0,0.03,-0.18,16.9,inf,Obstacle is driving toward the ego car longitudinally. No lateral relative motion.
68.0,20054.0,Front-right,90.53,-30.37,86.02,-28.76,-7.8,-0.21,0.3,0.6,11.03,inf,Obstacle is driving toward the ego car longitudinally. Obstacle is moving away laterally to the right.
68.0,20055.0,Front-right,137.86,-137.75,133.36,-136.14,-8.18,0.0,0.03,-0.18,16.3,inf,Obstacle is driving toward the ego car longitudinally. No lateral relative motion.
68.0,20056.0,Front-right,134.49,-146.05,129.98,-144.44,-8.18,0.0,0.03,-0.18,15.89,inf,Obstacle is driving toward the ego car longitudinally. No lateral relative motion.
68.0,20057.0,Front-right,169.04,-52.26,164.53,-50.65,-8.18,-0.0,0.03,-0.18,20.11,inf,Obstacle is driving toward the ego car longitudinally. No lateral relative motion.
68.0,20058.0,Front-right,131.79,-152.7,127.28,-151.09,-8.03,0.36,-0.58,-0.03,15.84,418.41,Obstacle is driving toward the ego car longitudinally. Obstacle is driving toward the ego car laterally from the right.
68.0,20059.0,Front-right,80.85,-25.29,76.34,-23.68,-6.16,-1.03,0.54,1.39,12.38,inf,Obstacle is driving toward the ego car longitudinally. Obstacle is moving away laterally to the right.
68.0,20060.0,Front-right,171.79,-45.85,167.29,-44.24,-8.18,-0.0,0.03,-0.18,20.45,inf,Obstacle is driving toward the ego car longitudinally. No lateral relative motion.
68.0,20061.0,Front-right,128.66,-160.39,124.15,-158.78,-7.71,1.14,-0.21,-0.12,16.09,138.68,Obstacle is driving toward the ego car longitudinally. Obstacle is driving toward the ego car laterally from the right.
68.0,20062.0,Front-right,70.03,-19.89,65.52,-18.28,-3.82,-2.06,0.61,1.83,17.16,inf,Obstacle is driving toward the ego car longitudinally. Obstacle is moving away laterally to the right.
68.0,20063.0,Front-right,55.32,-13.27,50.82,-11.66,-0.92,-3.11,0.59,2.05,55.13,inf,Obstacle is driving toward the ego car longitudinally. Obstacle is moving away laterally to the right.
68.0,20064.0,Front-right,125.36,-168.51,120.85,-166.9,-7.74,1.07,0.17,-0.21,15.61,155.89,Obstacle is driving toward the ego car longitudinally. Obstacle is driving toward the ego car laterally from the right.
68.0,20066.0,Front-right,121.99,-176.81,117.48,-175.2,-7.42,1.88,-0.91,0.04,15.84,93.28,Obstacle is driving toward the ego car longitudinally. Obstacle is driving toward the ego car laterally from the right.
69.0,20003.0,Front-right,151.29,-60.88,146.79,-59.27,-8.16,-0.0,0.01,-0.08,17.98,inf,Obstacle is driving toward the ego car longitudinally. No lateral relative motion.
69.0,20007.0,Front-right,144.92,-58.06,140.41,-56.45,-8.16,-0.0,0.01,-0.08,17.2,inf,Obstacle is driving toward the ego car longitudinally. No lateral relative motion.
69.0,20013.0,Front-right,138.61,-55.08,134.1,-53.47,-8.16,-0.0,0.01,-0.08,16.43,inf,Obstacle is driving toward the ego car longitudinally. No lateral relative motion.
69.0,20017.0,Front-right,132.33,-52.02,127.82,-50.41,-8.16,-0.0,0.01,-0.08,15.66,inf,Obstacle is driving toward the ego car longitudinally. No lateral relative motion.
69.0,20019.0,Front-right,126.11,-48.85,121.6,-47.24,-8.16,-0.0,0.01,-0.08,14.9,inf,Obstacle is driving toward the ego car longitudinally. No lateral relative motion.
69.0,20021.0,Front-right,119.9,-45.66,115.39,-44.05,-8.16,-0.0,0.01,-0.08,14.14,inf,Obstacle is driving toward the ego car longitudinally. No lateral relative motion.
69.0,20025.0,Front-right,113.74,-42.39,109.23,-40.78,-8.16,-0.0,0.01,-0.08,13.38,inf,Obstacle is driving toward the ego car longitudinally. No lateral relative motion.
69.0,20035.0,Front-right,107.57,-39.11,103.07,-37.5,-8.16,-0.0,0.01,-0.08,12.63,inf,Obstacle is driving toward the ego car longitudinally. No lateral relative motion.
69.0,20039.0,Front-right,101.42,-35.83,96.91,-34.22,-8.16,-0.0,0.01,-0.08,11.87,inf,Obstacle is driving toward the ego car longitudinally. No lateral relative motion.
69.0,20043.0,Rear-right,-58.38,-15.64,-53.87,-14.03,-20.73,-7.9,-0.01,-0.05,inf,inf,Obstacle is moving away longitudinally. Obstacle is moving away laterally to the right.
69.0,20044.0,Rear-left,-17.53,3.28,-13.02,1.67,-22.53,-1.53,-0.0,-0.02,inf,1.09,Obstacle is moving away longitudinally. Obstacle is driving toward the ego car laterally from the left.
69.0,20045.0,Front-right,161.19,-78.61,156.68,-77.0,-8.16,0.0,0.01,-0.08,19.19,inf,Obstacle is driving toward the ego car longitudinally. No lateral relative motion.
69.0,20047.0,Front-right,158.6,-85.1,154.09,-83.49,-8.16,0.0,0.01,-0.08,18.88,inf,Obstacle is driving toward the ego car longitudinally. No lateral relative motion.
69.0,20049.0,Front-right,153.85,-97.03,149.34,-95.42,-8.16,0.0,0.01,-0.08,18.3,inf,Obstacle is driving toward the ego car longitudinally. No lateral relative motion.
69.0,20050.0,Front-right,150.55,-105.33,146.04,-103.72,-8.16,0.0,0.01,-0.08,17.89,inf,Obstacle is driving toward the ego car longitudinally. No lateral relative motion.
69.0,20051.0,Front-right,147.96,-111.82,143.46,-110.21,-8.16,0.0,0.01,-0.08,17.57,inf,Obstacle is driving toward the ego car longitudinally. No lateral relative motion.
69.0,20052.0,Front-right,145.38,-118.31,140.87,-116.7,-8.16,0.0,0.01,-0.08,17.26,inf,Obstacle is driving toward the ego car longitudinally. No lateral relative motion.
69.0,20053.0,Front-right,142.79,-124.81,138.28,-123.2,-8.16,0.0,0.01,-0.08,16.94,inf,Obstacle is driving toward the ego car longitudinally. No lateral relative motion.
69.0,20054.0,Front-right,89.96,-29.74,85.45,-28.13,-7.83,-0.18,0.2,0.46,10.91,inf,Obstacle is driving toward the ego car longitudinally. Obstacle is moving away laterally to the right.
69.0,20055.0,Front-right,138.04,-136.76,133.53,-135.15,-8.16,0.0,0.01,-0.08,16.36,inf,Obstacle is driving toward the ego car longitudinally. No lateral relative motion.
69.0,20056.0,Front-right,134.72,-145.08,130.21,-143.47,-8.16,0.0,0.01,-0.08,15.95,inf,Obstacle is driving toward the ego car longitudinally. No lateral relative motion.
69.0,20057.0,Front-right,168.59,-51.03,164.08,-49.42,-8.16,-0.0,0.01,-0.08,20.1,inf,Obstacle is driving toward the ego car longitudinally. No lateral relative motion.
69.0,20058.0,Front-right,132.08,-151.71,127.57,-150.1,-8.04,0.32,-0.45,0.03,15.87,472.39,Obstacle is driving toward the ego car longitudinally. Obstacle is driving toward the ego car laterally from the right.
69.0,20059.0,Front-right,80.4,-24.8,75.89,-23.19,-6.27,-0.95,0.45,1.27,12.11,inf,Obstacle is driving toward the ego car longitudinally. Obstacle is moving away laterally to the right.
69.0,20060.0,Front-right,171.3,-44.6,166.79,-42.99,-8.16,-0.0,0.01,-0.08,20.43,inf,Obstacle is driving toward the ego car longitudinally. No lateral relative motion.
69.0,20061.0,Front-right,129.04,-159.34,124.53,-157.73,-7.72,1.11,-0.44,0.03,16.13,142.69,Obstacle is driving toward the ego car longitudinally. Obstacle is driving toward the ego car laterally from the right.
69.0,20062.0,Front-right,69.78,-19.58,65.28,-17.97,-3.96,-1.95,0.55,1.78,16.47,inf,Obstacle is driving toward the ego car longitudinally. Obstacle is moving away laterally to the right.
69.0,20063.0,Front-right,55.32,-13.17,50.81,-11.56,-1.09,-2.98,0.56,2.11,46.6,inf,Obstacle is driving toward the ego car longitudinally. Obstacle is moving away laterally to the right.
69.0,20064.0,Front-right,125.8,-167.49,121.29,-165.88,-7.73,1.08,0.12,-0.1,15.69,152.98,Obstacle is driving toward the ego car longitudinally. Obstacle is driving toward the ego car laterally from the right.
69.0,20066.0,Front-right,122.51,-175.74,118.01,-174.13,-7.44,1.82,-0.68,0.08,15.86,95.8,Obstacle is driving toward the ego car longitudinally. Obstacle is driving toward the ego car laterally from the right.
70.0,20003.0,Front-right,150.88,-59.86,146.37,-58.25,-8.15,-0.0,0.01,-0.06,17.96,inf,Obstacle is driving toward the ego car longitudinally. No lateral relative motion.
70.0,20007.0,Front-right,144.49,-57.09,139.98,-55.48,-8.15,-0.0,0.01,-0.06,17.18,inf,Obstacle is driving toward the ego car longitudinally. No lateral relative motion.
70.0,20013.0,Front-right,138.15,-54.15,133.65,-52.54,-8.15,-0.0,0.01,-0.06,16.4,inf,Obstacle is driving toward the ego car longitudinally. No lateral relative motion.
70.0,20017.0,Front-right,131.86,-51.13,127.35,-49.52,-8.15,-0.0,0.01,-0.06,15.63,inf,Obstacle is driving toward the ego car longitudinally. No lateral relative motion.
70.0,20019.0,Front-right,125.62,-48.01,121.11,-46.4,-8.15,-0.0,0.01,-0.06,14.86,inf,Obstacle is driving toward the ego car longitudinally. No lateral relative motion.
70.0,20021.0,Front-right,119.39,-44.86,114.88,-43.25,-8.15,-0.0,0.01,-0.06,14.1,inf,Obstacle is driving toward the ego car longitudinally. No lateral relative motion.
70.0,20025.0,Front-right,113.2,-41.62,108.69,-40.01,-8.15,-0.0,0.01,-0.06,13.34,inf,Obstacle is driving toward the ego car longitudinally. No lateral relative motion.
70.0,20035.0,Front-right,107.02,-38.39,102.51,-36.78,-8.15,-0.0,0.01,-0.06,12.58,inf,Obstacle is driving toward the ego car longitudinally. No lateral relative motion.
70.0,20039.0,Front-right,100.84,-35.15,96.33,-33.54,-8.15,-0.0,0.01,-0.06,11.82,inf,Obstacle is driving toward the ego car longitudinally. No lateral relative motion.
70.0,20043.0,Rear-right,-60.35,-16.83,-55.84,-15.22,-20.67,-7.99,-0.02,-0.03,inf,inf,Obstacle is moving away longitudinally. Obstacle is moving away laterally to the right.
70.0,20044.0,Rear-left,-19.8,2.9,-15.29,1.29,-22.33,-2.8,-0.01,-0.0,inf,0.46,Obstacle is moving away longitudinally. Obstacle is driving toward the ego car laterally from the left.
70.0,20045.0,Front-right,160.89,-77.53,156.38,-75.92,-8.15,0.0,0.01,-0.06,19.19,inf,Obstacle is driving toward the ego car longitudinally. No lateral relative motion.
70.0,20047.0,Front-right,158.35,-84.03,153.84,-82.42,-8.15,0.0,0.01,-0.06,18.88,inf,Obstacle is driving toward the ego car longitudinally. No lateral relative motion.
70.0,20049.0,Front-right,153.68,-96.0,149.17,-94.39,-8.15,0.0,0.01,-0.06,18.3,inf,Obstacle is driving toward the ego car longitudinally. No lateral relative motion.
70.0,20050.0,Front-right,150.43,-104.32,145.93,-102.71,-8.15,0.0,0.01,-0.06,17.91,inf,Obstacle is driving toward the ego car longitudinally. No lateral relative motion.
70.0,20051.0,Front-right,147.89,-110.83,143.38,-109.22,-8.15,0.0,0.01,-0.06,17.59,inf,Obstacle is driving toward the ego car longitudinally. No lateral relative motion.
70.0,20052.0,Front-right,145.35,-117.34,140.84,-115.73,-8.15,0.0,0.01,-0.06,17.28,inf,Obstacle is driving toward the ego car longitudinally. No lateral relative motion.
70.0,20053.0,Front-right,142.81,-123.85,138.3,-122.24,-8.15,0.0,0.01,-0.06,16.97,inf,Obstacle is driving toward the ego car longitudinally. No lateral relative motion.
70.0,20054.0,Front-right,89.37,-29.15,84.86,-27.54,-7.86,-0.15,0.2,0.48,10.79,inf,Obstacle is driving toward the ego car longitudinally. Obstacle is moving away laterally to the right.
70.0,20055.0,Front-right,138.13,-135.83,133.62,-134.22,-8.15,0.0,0.01,-0.06,16.4,inf,Obstacle is driving toward the ego car longitudinally. No lateral relative motion.
70.0,20056.0,Front-right,134.88,-144.17,130.37,-142.56,-8.15,0.0,0.01,-0.06,16.0,inf,Obstacle is driving toward the ego car longitudinally. No lateral relative motion.
70.0,20057.0,Front-right,168.11,-49.9,163.6,-48.29,-8.15,-0.0,0.01,-0.06,20.08,inf,Obstacle is driving toward the ego car longitudinally. No lateral relative motion.
70.0,20058.0,Front-right,132.29,-150.79,127.78,-149.18,-8.04,0.27,-0.46,0.05,15.89,544.34,Obstacle is driving toward the ego car longitudinally. Obstacle is driving toward the ego car laterally from the right.
70.0,20059.0,Front-right,79.93,-24.35,75.43,-22.74,-6.37,-0.88,0.45,1.29,11.83,inf,Obstacle is driving toward the ego car longitudinally. Obstacle is moving away laterally to the right.
70.0,20060.0,Front-right,170.78,-43.45,166.27,-41.84,-8.15,-0.0,0.01,-0.06,20.4,inf,Obstacle is driving toward the ego car longitudinally. No lateral relative motion.
70.0,20061.0,Front-right,129.33,-158.37,124.82,-156.76,-7.73,1.07,-0.44,0.05,16.14,147.13,Obstacle is driving toward the ego car longitudinally. Obstacle is driving toward the ego car laterally from the right.
70.0,20062.0,Front-right,69.51,-19.3,65.0,-17.69,-4.11,-1.84,0.55,1.8,15.81,inf,Obstacle is driving toward the ego car longitudinally. Obstacle is moving away laterally to the right.
70.0,20063.0,Front-right,55.29,-13.09,50.78,-11.48,-1.27,-2.84,0.56,2.13,40.13,inf,Obstacle is driving toward the ego car longitudinally. Obstacle is moving away laterally to the right.
70.0,20064.0,Front-right,126.14,-166.53,121.64,-164.92,-7.72,1.1,0.12,-0.08,15.75,150.24,Obstacle is driving toward the ego car longitudinally. Obstacle is driving toward the ego car laterally from the right.
70.0,20066.0,Front-right,122.94,-174.73,118.43,-173.12,-7.46,1.76,-0.68,0.11,15.87,98.57,Obstacle is driving toward the ego car longitudinally. Obstacle is driving toward the ego car laterally from the right.
71.0,20003.0,Front-right,150.74,-58.12,146.24,-56.51,-8.14,-0.0,0.0,-0.03,17.97,inf,Obstacle is driving toward the ego car longitudinally. No lateral relative motion.
71.0,20007.0,Front-right,144.32,-55.42,139.81,-53.81,-8.14,-0.0,0.0,-0.03,17.18,inf,Obstacle is driving toward the ego car longitudinally. No lateral relative motion.
71.0,20013.0,Front-right,137.95,-52.56,133.44,-50.95,-8.14,-0.0,0.0,-0.03,16.39,inf,Obstacle is driving toward the ego car longitudinally. No lateral relative motion.
71.0,20017.0,Front-right,131.62,-49.61,127.12,-48.0,-8.14,-0.0,0.0,-0.03,15.62,inf,Obstacle is driving toward the ego car longitudinally. No lateral relative motion.
71.0,20019.0,Front-right,125.34,-46.56,120.84,-44.95,-8.14,-0.0,0.0,-0.03,14.85,inf,Obstacle is driving toward the ego car longitudinally. No lateral relative motion.
71.0,20021.0,Front-right,119.08,-43.48,114.57,-41.87,-8.14,-0.0,0.0,-0.03,14.08,inf,Obstacle is driving toward the ego car longitudinally. No lateral relative motion.
71.0,20025.0,Front-right,112.86,-40.32,108.35,-38.71,-8.14,-0.0,0.0,-0.03,13.31,inf,Obstacle is driving toward the ego car longitudinally. No lateral relative motion.
71.0,20035.0,Front-right,106.64,-37.15,102.13,-35.54,-8.14,-0.0,0.0,-0.03,12.55,inf,Obstacle is driving toward the ego car longitudinally. No lateral relative motion.
71.0,20039.0,Front-right,100.42,-33.99,95.91,-32.38,-8.14,-0.0,0.0,-0.03,11.78,inf,Obstacle is driving toward the ego car longitudinally. No lateral relative motion.
71.0,20043.0,Rear-right,-62.22,-18.34,-57.71,-16.73,-20.57,-8.13,-0.02,-0.01,inf,inf,Obstacle is moving away longitudinally. Obstacle is moving away laterally to the right.
71.0,20044.0,Rear-left,-22.07,2.37,-17.56,0.76,-22.29,-2.97,-0.01,0.02,inf,0.26,Obstacle is moving away longitudinally. Obstacle is driving toward the ego car laterally from the left.
71.0,20045.0,Front-right,160.96,-75.68,156.45,-74.07,-8.14,0.0,0.0,-0.03,19.22,inf,Obstacle is driving toward the ego car longitudinally. No lateral relative motion.
71.0,20047.0,Front-right,158.49,-82.21,153.98,-80.6,-8.14,0.0,0.0,-0.03,18.92,inf,Obstacle is driving toward the ego car longitudinally. No lateral relative motion.
71.0,20049.0,Front-right,153.96,-94.22,149.45,-92.61,-8.14,0.0,0.0,-0.03,18.36,inf,Obstacle is driving toward the ego car longitudinally. No lateral relative motion.
71.0,20050.0,Front-right,150.81,-102.58,146.3,-100.97,-8.14,0.0,0.0,-0.03,17.97,inf,Obstacle is driving toward the ego car longitudinally. No lateral relative motion.
71.0,20051.0,Front-right,148.34,-109.12,143.83,-107.51,-8.14,0.0,0.0,-0.03,17.67,inf,Obstacle is driving toward the ego car longitudinally. No lateral relative motion.
71.0,20052.0,Front-right,145.87,-115.66,141.37,-114.05,-8.14,0.0,0.0,-0.03,17.37,inf,Obstacle is driving toward the ego car longitudinally. No lateral relative motion.
71.0,20053.0,Front-right,143.41,-122.2,138.9,-120.59,-8.14,0.0,0.0,-0.03,17.06,inf,Obstacle is driving toward the ego car longitudinally. No lateral relative motion.
71.0,20054.0,Front-right,88.91,-28.14,84.4,-26.53,-7.9,-0.12,0.19,0.5,10.68,inf,Obstacle is driving toward the ego car longitudinally. Obstacle is moving away laterally to the right.
71.0,20055.0,Front-right,138.87,-134.23,134.36,-132.62,-8.14,0.0,0.0,-0.03,16.51,inf,Obstacle is driving toward the ego car longitudinally. No lateral relative motion.
71.0,20056.0,Front-right,135.71,-142.61,131.2,-141.0,-8.14,0.0,0.0,-0.03,16.12,inf,Obstacle is driving toward the ego car longitudinally. No lateral relative motion.
71.0,20057.0,Front-right,167.86,-47.97,163.35,-46.36,-8.14,-0.0,0.0,-0.03,20.07,inf,Obstacle is driving toward the ego car longitudinally. No lateral relative motion.
71.0,20058.0,Front-right,133.21,-149.24,128.7,-147.63,-8.05,0.23,-0.46,0.07,15.98,640.34,Obstacle is driving toward the ego car longitudinally. Obstacle is driving toward the ego car laterally from the right.
71.0,20059.0,Front-right,79.57,-23.52,75.06,-21.91,-6.48,-0.79,0.44,1.31,11.58,inf,Obstacle is driving toward the ego car longitudinally. Obstacle is moving away laterally to the right.
71.0,20060.0,Front-right,170.45,-41.49,165.94,-39.88,-8.14,-0.0,0.0,-0.03,20.39,inf,Obstacle is driving toward the ego car longitudinally. No lateral relative motion.
71.0,20061.0,Front-right,130.37,-156.76,125.86,-155.15,-7.75,1.03,-0.44,0.07,16.23,151.06,Obstacle is driving toward the ego car longitudinally. Obstacle is driving toward the ego car laterally from the right.
71.0,20062.0,Front-right,69.31,-18.68,64.8,-17.07,-4.26,-1.71,0.55,1.82,15.21,inf,Obstacle is driving toward the ego car longitudinally. Obstacle is moving away laterally to the right.
71.0,20063.0,Front-right,55.3,-12.72,50.79,-11.11,-1.43,-2.68,0.56,2.15,35.45,inf,Obstacle is driving toward the ego car longitudinally. Obstacle is moving away laterally to the right.
71.0,20064.0,Front-right,127.28,-164.96,122.77,-163.35,-7.72,1.11,0.12,-0.06,15.9,146.73,Obstacle is driving toward the ego car longitudinally. Obstacle is driving toward the ego car laterally from the right.
71.0,20066.0,Front-right,124.19,-173.14,119.68,-171.53,-7.5,1.7,-0.69,0.13,15.96,101.04,Obstacle is driving toward the ego car longitudinally. Obstacle is driving toward the ego car laterally from the right.
72.0,20003.0,Front-right,150.72,-56.04,146.21,-54.43,-8.14,-0.0,0.0,-0.0,17.97,inf,Obstacle is driving toward the ego car longitudinally. No lateral relative motion.
72.0,20007.0,Front-right,144.25,-53.43,139.74,-51.82,-8.14,-0.0,0.0,-0.0,17.17,inf,Obstacle is driving toward the ego car longitudinally. No lateral relative motion.
72.0,20013.0,Front-right,137.85,-50.65,133.34,-49.04,-8.14,-0.0,0.0,-0.0,16.39,inf,Obstacle is driving toward the ego car longitudinally. No lateral relative motion.
72.0,20017.0,Front-right,131.48,-47.79,126.97,-46.18,-8.14,-0.0,0.0,-0.0,15.6,inf,Obstacle is driving toward the ego car longitudinally. No lateral relative motion.
72.0,20019.0,Front-right,125.16,-44.83,120.65,-43.22,-8.14,-0.0,0.0,-0.0,14.83,inf,Obstacle is driving toward the ego car longitudinally. No lateral relative motion.
72.0,20021.0,Front-right,118.85,-41.84,114.34,-40.23,-8.14,-0.0,0.0,-0.0,14.05,inf,Obstacle is driving toward the ego car longitudinally. No lateral relative motion.
72.0,20025.0,Front-right,112.59,-38.76,108.08,-37.15,-8.14,-0.0,0.0,-0.0,13.28,inf,Obstacle is driving toward the ego car longitudinally. No lateral relative motion.
72.0,20035.0,Front-right,106.32,-35.68,101.81,-34.07,-8.14,-0.0,0.0,-0.0,12.51,inf,Obstacle is driving toward the ego car longitudinally. No lateral relative motion.
72.0,20039.0,Front-right,100.06,-32.6,95.55,-30.99,-8.14,-0.0,0.0,-0.0,11.74,inf,Obstacle is driving toward the ego car longitudinally. No lateral relative motion.
72.0,20043.0,Rear-right,-64.01,-20.03,-59.5,-18.42,-20.46,-8.3,-0.02,0.02,inf,inf,Obstacle is moving away longitudinally. Obstacle is moving away laterally to the right.
72.0,20044.0,Rear-left,-24.33,1.75,-19.82,0.14,-22.25,-3.16,-0.02,0.04,inf,0.04,Obstacle is moving away longitudinally. Obstacle is driving toward the ego car laterally from the left.
72.0,20045.0,Front-right,161.17,-73.45,156.66,-71.84,-8.14,0.0,0.0,-0.0,19.25,inf,Obstacle is driving toward the ego car longitudinally. No lateral relative motion.
72.0,20047.0,Front-right,158.79,-80.02,154.29,-78.41,-8.14,0.0,0.0,-0.0,18.96,inf,Obstacle is driving toward the ego car longitudinally. No lateral relative motion.
72.0,20049.0,Front-right,154.43,-92.09,149.92,-90.48,-8.14,0.0,0.0,-0.0,18.42,inf,Obstacle is driving toward the ego car longitudinally. No lateral relative motion.
72.0,20050.0,Front-right,151.39,-100.5,146.88,-98.89,-8.14,0.0,0.0,-0.0,18.05,inf,Obstacle is driving toward the ego car longitudinally. No lateral relative motion.
72.0,20051.0,Front-right,149.01,-107.07,144.51,-105.46,-8.14,0.0,0.0,-0.0,17.76,inf,Obstacle is driving toward the ego car longitudinally. No lateral relative motion.
72.0,20052.0,Front-right,146.64,-113.64,142.13,-112.03,-8.14,0.0,0.0,-0.0,17.47,inf,Obstacle is driving toward the ego car longitudinally. No lateral relative motion.
72.0,20053.0,Front-right,144.26,-120.22,139.75,-118.61,-8.14,0.0,0.0,-0.0,17.17,inf,Obstacle is driving toward the ego car longitudinally. No lateral relative motion.
72.0,20054.0,Front-right,88.5,-26.92,83.99,-25.31,-7.95,-0.09,0.19,0.53,10.56,inf,Obstacle is driving toward the ego car longitudinally. Obstacle is moving away laterally to the right.
72.0,20055.0,Front-right,139.89,-132.31,135.38,-130.7,-8.14,0.0,0.0,-0.0,16.64,inf,Obstacle is driving toward the ego car longitudinally. No lateral relative motion.
72.0,20056.0,Front-right,136.84,-140.73,132.34,-139.12,-8.14,0.0,0.0,-0.0,16.26,inf,Obstacle is driving toward the ego car longitudinally. No lateral relative motion.
72.0,20057.0,Front-right,167.69,-45.65,163.18,-44.04,-8.14,-0.0,0.0,-0.0,20.05,inf,Obstacle is driving toward the ego car longitudinally. No lateral relative motion.
72.0,20058.0,Front-right,134.44,-147.37,129.93,-145.76,-8.07,0.19,-0.47,0.11,16.1,780.42,Obstacle is driving toward the ego car longitudinally. Obstacle is driving toward the ego car laterally from the right.
72.0,20059.0,Front-right,79.23,-22.49,74.72,-20.88,-6.6,-0.71,0.44,1.34,11.33,inf,Obstacle is driving toward the ego car longitudinally. Obstacle is moving away laterally to the right.
72.0,20060.0,Front-right,170.19,-39.14,165.68,-37.53,-8.14,-0.0,0.0,-0.0,20.36,inf,Obstacle is driving toward the ego car longitudinally. No lateral relative motion.
72.0,20061.0,Front-right,131.74,-154.85,127.23,-153.24,-7.78,0.99,-0.45,0.1,16.35,154.95,Obstacle is driving toward the ego car longitudinally. Obstacle is driving toward the ego car laterally from the right.
72.0,20062.0,Front-right,69.12,-17.88,64.62,-16.27,-4.41,-1.58,0.54,1.86,14.65,inf,Obstacle is driving toward the ego car longitudinally. Obstacle is moving away laterally to the right.
72.0,20063.0,Front-right,55.32,-12.22,50.81,-10.61,-1.6,-2.51,0.55,2.18,31.68,inf,Obstacle is driving toward the ego car longitudinally. Obstacle is moving away laterally to the right.
72.0,20064.0,Front-right,128.76,-163.08,124.25,-161.47,-7.73,1.13,0.11,-0.03,16.08,142.95,Obstacle is driving toward the ego car longitudinally. Obstacle is driving toward the ego car laterally from the right.
72.0,20066.0,Front-right,125.81,-171.24,121.3,-169.63,-7.54,1.64,-0.69,0.16,16.08,103.47,Obstacle is driving toward the ego car longitudinally. Obstacle is driving toward the ego car laterally from the right.
73.0,20003.0,Front-right,150.37,-54.77,145.86,-53.16,-8.14,-0.0,-0.0,0.0,17.93,inf,Obstacle is driving toward the ego car longitudinally. No lateral relative motion.
73.0,20007.0,Front-right,143.88,-52.21,139.38,-50.6,-8.14,-0.0,-0.0,0.0,17.13,inf,Obstacle is driving toward the ego car longitudinally. No lateral relative motion.
73.0,20013.0,Front-right,137.46,-49.48,132.95,-47.87,-8.14,-0.0,-0.0,0.0,16.34,inf,Obstacle is driving toward the ego car longitudinally. No lateral relative motion.
73.0,20017.0,Front-right,131.07,-46.68,126.56,-45.07,-8.14,-0.0,-0.0,0.0,15.56,inf,Obstacle is driving toward the ego car longitudinally. No lateral relative motion.
73.0,20019.0,Front-right,124.72,-43.77,120.21,-42.16,-8.14,-0.0,-0.0,0.0,14.78,inf,Obstacle is driving toward the ego car longitudinally. No lateral relative motion.
73.0,20021.0,Front-right,118.39,-40.83,113.88,-39.22,-8.14,-0.0,-0.0,0.0,14.0,inf,Obstacle is driving toward the ego car longitudinally. No lateral relative motion.
73.0,20025.0,Front-right,112.1,-37.81,107.59,-36.2,-8.14,-0.0,-0.0,0.0,13.23,inf,Obstacle is driving toward the ego car longitudinally. No lateral relative motion.
73.0,20035.0,Front-right,105.81,-34.78,101.3,-33.17,-8.14,-0.0,-0.0,0.0,12.45,inf,Obstacle is driving toward the ego car longitudinally. No lateral relative motion.
73.0,20039.0,Front-right,99.52,-31.76,95.01,-30.15,-8.14,-0.0,-0.0,0.0,11.68,inf,Obstacle is driving toward the ego car longitudinally. No lateral relative motion.
73.0,20043.0,Rear-right,-65.88,-21.41,-61.37,-19.8,-20.39,-8.41,-0.02,0.03,inf,inf,Obstacle is moving away longitudinally. Obstacle is moving away laterally to the right.
73.0,20044.0,Behind,-26.55,1.15,-22.05,0.0,-21.91,-4.43,-0.02,0.04,inf,0.0,Obstacle is moving away longitudinally. Exact lateral alignment or unknown case.
73.0,20045.0,Front-right,160.97,-72.09,156.46,-70.48,-8.14,0.0,-0.0,0.0,19.23,inf,Obstacle is driving toward the ego car longitudinally. No lateral relative motion.
73.0,20047.0,Front-right,158.65,-78.67,154.14,-77.06,-8.14,0.0,-0.0,0.0,18.95,inf,Obstacle is driving toward the ego car longitudinally. No lateral relative motion.
73.0,20049.0,Front-right,154.39,-90.78,149.88,-89.17,-8.14,0.0,-0.0,0.0,18.42,inf,Obstacle is driving toward the ego car longitudinally. No lateral relative motion.
73.0,20050.0,Front-right,151.42,-99.21,146.91,-97.6,-8.14,0.0,-0.0,0.0,18.06,inf,Obstacle is driving toward the ego car longitudinally. No lateral relative motion.
73.0,20051.0,Front-right,149.1,-105.8,144.59,-104.19,-8.14,0.0,-0.0,0.0,17.77,inf,Obstacle is driving toward the ego car longitudinally. No lateral relative motion.
73.0,20052.0,Front-right,146.78,-112.39,142.27,-110.78,-8.14,0.0,-0.0,0.0,17.49,inf,Obstacle is driving toward the ego car longitudinally. No lateral relative motion.
73.0,20053.0,Front-right,144.46,-118.99,139.95,-117.38,-8.14,0.0,-0.0,0.0,17.2,inf,Obstacle is driving toward the ego car longitudinally. No lateral relative motion.
73.0,20054.0,Front-right,87.92,-26.18,83.41,-24.57,-8.0,-0.07,0.19,0.54,10.43,inf,Obstacle is driving toward the ego car longitudinally. Obstacle is moving away laterally to the right.
73.0,20055.0,Front-right,140.19,-131.12,135.68,-129.51,-8.14,0.0,-0.0,0.0,16.68,inf,Obstacle is driving toward the ego car longitudinally. No lateral relative motion.
73.0,20056.0,Front-right,137.22,-139.56,132.71,-137.95,-8.14,0.0,-0.0,0.0,16.31,inf,Obstacle is driving toward the ego car longitudinally. No lateral relative motion.
73.0,20057.0,Front-right,167.26,-44.23,162.75,-42.62,-8.14,-0.0,-0.0,0.0,20.01,inf,Obstacle is driving toward the ego car longitudinally. No lateral relative motion.
73.0,20058.0,Front-right,134.88,-146.21,130.37,-144.6,-8.09,0.14,-0.47,0.11,16.12,1016.54,Obstacle is driving toward the ego car longitudinally. Obstacle is driving toward the ego car laterally from the right.
73.0,20059.0,Front-right,78.75,-21.89,74.24,-20.28,-6.72,-0.64,0.44,1.35,11.05,inf,Obstacle is driving toward the ego car longitudinally. Obstacle is moving away laterally to the right.
73.0,20060.0,Front-right,169.7,-37.7,165.2,-36.09,-8.14,-0.0,-0.0,0.0,20.31,inf,Obstacle is driving toward the ego car longitudinally. No lateral relative motion.
73.0,20061.0,Front-right,132.26,-153.64,127.75,-152.03,-7.8,0.95,-0.45,0.11,16.38,160.29,Obstacle is driving toward the ego car longitudinally. Obstacle is driving toward the ego car laterally from the right.
73.0,20062.0,Front-right,68.82,-17.45,64.32,-15.84,-4.57,-1.48,0.54,1.86,14.06,inf,Obstacle is driving toward the ego car longitudinally. Obstacle is moving away laterally to the right.
73.0,20063.0,Front-right,55.25,-11.99,50.74,-10.38,-1.79,-2.37,0.55,2.19,28.31,inf,Obstacle is driving toward the ego car longitudinally. Obstacle is moving away laterally to the right.
73.0,20064.0,Front-right,129.36,-161.87,124.86,-160.26,-7.73,1.14,0.11,-0.02,16.15,140.12,Obstacle is driving toward the ego car longitudinally. Obstacle is driving toward the ego car laterally from the right.
73.0,20066.0,Front-right,126.5,-170.01,121.99,-168.4,-7.58,1.58,-0.69,0.16,16.09,106.77,Obstacle is driving toward the ego car longitudinally. Obstacle is driving toward the ego car laterally from the right.
74.0,20003.0,Front-right,150.17,-53.04,145.67,-51.43,-8.13,-0.0,-0.0,0.0,17.91,inf,Obstacle is driving toward the ego car longitudinally. No lateral relative motion.
74.0,20007.0,Front-right,143.66,-50.56,139.15,-48.95,-8.13,-0.0,-0.0,0.0,17.11,inf,Obstacle is driving toward the ego car longitudinally. No lateral relative motion.
74.0,20013.0,Front-right,137.2,-47.9,132.69,-46.29,-8.13,-0.0,-0.0,0.0,16.31,inf,Obstacle is driving toward the ego car longitudinally. No lateral relative motion.
74.0,20017.0,Front-right,130.78,-45.17,126.27,-43.56,-8.13,-0.0,-0.0,0.0,15.52,inf,Obstacle is driving toward the ego car longitudinally. No lateral relative motion.
74.0,20019.0,Front-right,124.4,-42.34,119.89,-40.73,-8.13,-0.0,-0.0,0.0,14.74,inf,Obstacle is driving toward the ego car longitudinally. No lateral relative motion.
74.0,20021.0,Front-right,118.03,-39.47,113.53,-37.86,-8.13,-0.0,-0.0,0.0,13.96,inf,Obstacle is driving toward the ego car longitudinally. No lateral relative motion.
74.0,20025.0,Front-right,111.71,-36.52,107.2,-34.91,-8.13,-0.0,-0.0,0.0,13.18,inf,Obstacle is driving toward the ego car longitudinally. No lateral relative motion.
74.0,20035.0,Front-right,105.39,-33.57,100.88,-31.96,-8.13,-0.0,-0.0,0.0,12.4,inf,Obstacle is driving toward the ego car longitudinally. No lateral relative motion.
74.0,20039.0,Front-right,99.06,-30.61,94.56,-29.0,-8.13,-0.0,-0.0,0.0,11.63,inf,Obstacle is driving toward the ego car longitudinally. No lateral relative motion.
74.0,20043.0,Rear-right,-67.66,-23.02,-63.16,-21.41,-20.29,-8.55,-0.02,0.03,inf,inf,Obstacle is moving away longitudinally. Obstacle is moving away laterally to the right.
74.0,20044.0,Behind,-28.76,0.39,-24.25,0.0,-21.86,-4.59,-0.02,0.05,inf,0.0,Obstacle is moving away longitudinally. Exact lateral alignment or unknown case.
74.0,20045.0,Front-right,160.97,-70.24,156.46,-68.63,-8.13,0.0,-0.0,0.0,19.24,inf,Obstacle is driving toward the ego car longitudinally. No lateral relative motion.
74.0,20047.0,Front-right,158.73,-76.85,154.22,-75.24,-8.13,0.0,-0.0,0.0,18.96,inf,Obstacle is driving toward the ego car longitudinally. No lateral relative motion.
74.0,20049.0,Front-right,154.6,-89.01,150.1,-87.4,-8.13,0.0,-0.0,0.0,18.45,inf,Obstacle is driving toward the ego car longitudinally. No lateral relative motion.
74.0,20050.0,Front-right,151.73,-97.47,147.23,-95.86,-8.13,0.0,-0.0,0.0,18.1,inf,Obstacle is driving toward the ego car longitudinally. No lateral relative motion.
74.0,20051.0,Front-right,149.49,-104.09,144.98,-102.48,-8.13,0.0,-0.0,0.0,17.82,inf,Obstacle is driving toward the ego car longitudinally. No lateral relative motion.
74.0,20052.0,Front-right,147.24,-110.71,142.74,-109.1,-8.13,0.0,-0.0,0.0,17.55,inf,Obstacle is driving toward the ego car longitudinally. No lateral relative motion.
74.0,20053.0,Front-right,145.0,-117.33,140.49,-115.72,-8.13,0.0,-0.0,0.0,17.27,inf,Obstacle is driving toward the ego car longitudinally. No lateral relative motion.
74.0,20054.0,Front-right,87.42,-25.17,82.91,-23.56,-8.03,-0.05,0.11,0.33,10.33,inf,Obstacle is driving toward the ego car longitudinally. Obstacle is moving away laterally to the right.
74.0,20055.0,Front-right,140.87,-129.5,136.36,-127.89,-8.13,0.0,-0.0,0.0,16.76,inf,Obstacle is driving toward the ego car longitudinally. No lateral relative motion.
74.0,20056.0,Front-right,137.99,-137.98,133.48,-136.37,-8.13,0.0,-0.0,0.0,16.41,inf,Obstacle is driving toward the ego car longitudinally. No lateral relative motion.
74.0,20057.0,Front-right,166.94,-42.31,162.43,-40.7,-8.13,-0.0,-0.0,0.0,19.97,inf,Obstacle is driving toward the ego car longitudinally. No lateral relative motion.
74.0,20058.0,Front-right,135.73,-144.64,131.23,-143.03,-8.1,0.11,-0.3,0.07,16.21,1259.66,Obstacle is driving toward the ego car longitudinally. Obstacle is driving toward the ego car laterally from the right.
74.0,20059.0,Front-right,78.32,-21.04,73.81,-19.43,-6.82,-0.58,0.36,1.12,10.83,inf,Obstacle is driving toward the ego car longitudinally. Obstacle is moving away laterally to the right.
74.0,20060.0,Front-right,169.31,-35.75,164.8,-34.14,-8.13,-0.0,-0.0,0.0,20.26,inf,Obstacle is driving toward the ego car longitudinally. No lateral relative motion.
74.0,20061.0,Front-right,133.23,-152.02,128.72,-150.41,-7.83,0.9,-0.58,0.14,16.44,167.84,Obstacle is driving toward the ego car longitudinally. Obstacle is driving toward the ego car laterally from the right.
74.0,20062.0,Front-right,68.56,-16.8,64.05,-15.19,-4.72,-1.37,0.49,1.69,13.57,inf,Obstacle is driving toward the ego car longitudinally. Obstacle is moving away laterally to the right.
74.0,20063.0,Front-right,55.2,-11.58,50.69,-9.97,-1.97,-2.23,0.53,2.09,25.77,inf,Obstacle is driving toward the ego car longitudinally. Obstacle is moving away laterally to the right.
74.0,20064.0,Front-right,130.43,-160.26,125.93,-158.65,-7.74,1.15,0.0,0.0,16.26,138.12,Obstacle is driving toward the ego car longitudinally. Obstacle is driving toward the ego car laterally from the right.
74.0,20066.0,Front-right,127.68,-168.39,123.17,-166.78,-7.61,1.54,-0.48,0.11,16.18,108.53,Obstacle is driving toward the ego car longitudinally. Obstacle is driving toward the ego car laterally from the right.
75.0,20003.0,Front-right,149.96,-51.31,145.45,-49.7,-8.13,-0.0,-0.0,0.01,17.88,inf,Obstacle is driving toward the ego car longitudinally. No lateral relative motion.
75.0,20007.0,Front-right,143.42,-48.91,138.91,-47.3,-8.13,-0.0,-0.0,0.01,17.08,inf,Obstacle is driving toward the ego car longitudinally. No lateral relative motion.
75.0,20013.0,Front-right,136.93,-46.33,132.42,-44.72,-8.13,-0.0,-0.0,0.01,16.28,inf,Obstacle is driving toward the ego car longitudinally. No lateral relative motion.
75.0,20017.0,Front-right,130.47,-43.67,125.97,-42.06,-8.13,-0.0,-0.0,0.01,15.49,inf,Obstacle is driving toward the ego car longitudinally. No lateral relative motion.
75.0,20019.0,Front-right,124.06,-40.91,119.56,-39.3,-8.13,-0.0,-0.0,0.01,14.7,inf,Obstacle is driving toward the ego car longitudinally. No lateral relative motion.
75.0,20021.0,Front-right,117.67,-38.12,113.16,-36.51,-8.13,-0.0,-0.0,0.01,13.91,inf,Obstacle is driving toward the ego car longitudinally. No lateral relative motion.
75.0,20025.0,Front-right,111.31,-35.24,106.8,-33.63,-8.13,-0.0,-0.0,0.01,13.13,inf,Obstacle is driving toward the ego car longitudinally. No lateral relative motion.
75.0,20035.0,Front-right,104.95,-32.35,100.44,-30.74,-8.13,-0.0,-0.0,0.01,12.35,inf,Obstacle is driving toward the ego car longitudinally. No lateral relative motion.
75.0,20039.0,Front-right,98.6,-29.48,94.09,-27.87,-8.13,-0.0,-0.0,0.01,11.57,inf,Obstacle is driving toward the ego car longitudinally. No lateral relative motion.
75.0,20043.0,Rear-right,-69.45,-24.63,-64.94,-23.02,-20.56,-8.17,-0.02,0.03,inf,inf,Obstacle is moving away longitudinally. Obstacle is moving away laterally to the right.
75.0,20044.0,Behind,-30.95,-0.42,-26.44,0.0,-21.81,-4.75,-0.02,0.05,inf,0.0,Obstacle is moving away longitudinally. Exact lateral alignment or unknown case.
75.0,20045.0,Front-right,160.95,-68.39,156.45,-66.78,-8.13,0.0,-0.0,0.01,19.23,inf,Obstacle is driving toward the ego car longitudinally. No lateral relative motion.
75.0,20047.0,Front-right,158.79,-75.02,154.28,-73.41,-8.13,0.0,-0.0,0.01,18.97,inf,Obstacle is driving toward the ego car longitudinally. No lateral relative motion.
75.0,20049.0,Front-right,154.8,-87.23,150.29,-85.62,-8.13,0.0,-0.0,0.01,18.48,inf,Obstacle is driving toward the ego car longitudinally. No lateral relative motion.
75.0,20050.0,Front-right,152.03,-95.72,147.52,-94.11,-8.13,0.0,-0.0,0.01,18.14,inf,Obstacle is driving toward the ego car longitudinally. No lateral relative motion.
75.0,20051.0,Front-right,149.86,-102.36,145.35,-100.75,-8.13,0.0,-0.0,0.01,17.87,inf,Obstacle is driving toward the ego car longitudinally. No lateral relative motion.
75.0,20052.0,Front-right,147.69,-109.01,143.18,-107.4,-8.13,0.0,-0.0,0.01,17.6,inf,Obstacle is driving toward the ego car longitudinally. No lateral relative motion.
75.0,20053.0,Front-right,145.52,-115.66,141.01,-114.05,-8.13,0.0,-0.0,0.01,17.34,inf,Obstacle is driving toward the ego car longitudinally. No lateral relative motion.
75.0,20054.0,Front-right,86.89,-24.17,82.39,-22.56,-8.06,-0.03,0.11,0.33,10.22,inf,Obstacle is driving toward the ego car longitudinally. Obstacle is moving away laterally to the right.
75.0,20055.0,Front-right,141.53,-127.88,137.02,-126.27,-8.13,0.0,-0.0,0.01,16.85,inf,Obstacle is driving toward the ego car longitudinally. No lateral relative motion.
75.0,20056.0,Front-right,138.75,-136.39,134.24,-134.78,-8.13,0.0,-0.0,0.01,16.5,inf,Obstacle is driving toward the ego car longitudinally. No lateral relative motion.
75.0,20057.0,Front-right,166.6,-40.39,162.09,-38.78,-8.13,-0.0,-0.0,0.01,19.93,inf,Obstacle is driving toward the ego car longitudinally. No lateral relative motion.
75.0,20058.0,Front-right,136.57,-143.06,132.07,-141.45,-8.11,0.08,-0.3,0.08,16.29,1671.9,Obstacle is driving toward the ego car longitudinally. Obstacle is driving toward the ego car laterally from the right.
75.0,20059.0,Front-right,77.87,-20.2,73.36,-18.59,-6.92,-0.52,0.36,1.12,10.61,inf,Obstacle is driving toward the ego car longitudinally. Obstacle is moving away laterally to the right.
75.0,20060.0,Front-right,168.9,-33.8,164.39,-32.19,-8.13,-0.0,-0.0,0.01,20.21,inf,Obstacle is driving toward the ego car longitudinally. No lateral relative motion.
75.0,20061.0,Front-right,134.18,-150.39,129.67,-148.78,-7.86,0.84,-0.58,0.14,16.5,176.45,Obstacle is driving toward the ego car longitudinally. Obstacle is driving toward the ego car laterally from the right.
75.0,20062.0,Front-right,68.27,-16.14,63.76,-14.53,-4.87,-1.27,0.49,1.7,13.1,inf,Obstacle is driving toward the ego car longitudinally. Obstacle is moving away laterally to the right.
75.0,20063.0,Front-right,55.12,-11.16,50.61,-9.55,-2.15,-2.08,0.53,2.1,23.59,inf,Obstacle is driving toward the ego car longitudinally. Obstacle is moving away laterally to the right.
75.0,20064.0,Front-right,131.49,-158.64,126.98,-157.03,-7.76,1.15,0.0,0.01,16.37,136.15,Obstacle is driving toward the ego car longitudinally. Obstacle is driving toward the ego car laterally from the right.
75.0,20066.0,Front-right,128.84,-166.77,124.33,-165.16,-7.65,1.5,-0.48,0.12,16.26,110.4,Obstacle is driving toward the ego car longitudinally. Obstacle is driving toward the ego car laterally from the right.
76.0,20003.0,Front-right,149.54,-50.15,145.03,-48.54,-8.13,-0.0,-0.0,0.01,17.83,inf,Obstacle is driving toward the ego car longitudinally. No lateral relative motion.
76.0,20007.0,Front-right,142.98,-47.79,138.47,-46.18,-8.13,-0.0,-0.0,0.01,17.02,inf,Obstacle is driving toward the ego car longitudinally. No lateral relative motion.
76.0,20013.0,Front-right,136.47,-45.26,131.96,-43.65,-8.13,-0.0,-0.0,0.01,16.22,inf,Obstacle is driving toward the ego car longitudinally. No lateral relative motion.
76.0,20017.0,Front-right,130.0,-42.66,125.49,-41.05,-8.13,-0.0,-0.0,0.01,15.43,inf,Obstacle is driving toward the ego car longitudinally. No lateral relative motion.
76.0,20019.0,Front-right,123.56,-39.95,119.06,-38.34,-8.13,-0.0,-0.0,0.01,14.64,inf,Obstacle is driving toward the ego car longitudinally. No lateral relative motion.
76.0,20021.0,Front-right,117.14,-37.2,112.64,-35.59,-8.13,-0.0,-0.0,0.01,13.85,inf,Obstacle is driving toward the ego car longitudinally. No lateral relative motion.
76.0,20025.0,Front-right,110.76,-34.37,106.26,-32.76,-8.13,-0.0,-0.0,0.01,13.06,inf,Obstacle is driving toward the ego car longitudinally. No lateral relative motion.
76.0,20035.0,Front-right,104.38,-31.54,99.88,-29.93,-8.13,-0.0,-0.0,0.01,12.28,inf,Obstacle is driving toward the ego car longitudinally. No lateral relative motion.
76.0,20039.0,Front-right,98.01,-28.71,93.5,-27.1,-8.13,-0.0,-0.0,0.01,11.49,inf,Obstacle is driving toward the ego car longitudinally. No lateral relative motion.
76.0,20043.0,Rear-right,-71.31,-26.0,-66.8,-24.39,-20.49,-8.27,-0.02,0.03,inf,inf,Obstacle is moving away longitudinally. Obstacle is moving away laterally to the right.
76.0,20044.0,Behind,-33.11,-1.18,-28.6,0.0,-21.38,-5.86,-0.02,0.05,inf,0.0,Obstacle is moving away longitudinally. Exact lateral alignment or unknown case.
76.0,20045.0,Front-right,160.67,-67.14,156.16,-65.53,-8.13,0.0,-0.0,0.01,19.2,inf,Obstacle is driving toward the ego car longitudinally. No lateral relative motion.
76.0,20047.0,Front-right,158.55,-73.79,154.04,-72.18,-8.13,0.0,-0.0,0.01,18.94,inf,Obstacle is driving toward the ego car longitudinally. No lateral relative motion.
76.0,20049.0,Front-right,154.66,-86.03,150.15,-84.42,-8.13,0.0,-0.0,0.01,18.46,inf,Obstacle is driving toward the ego car longitudinally. No lateral relative motion.
76.0,20050.0,Front-right,151.95,-94.54,147.45,-92.93,-8.13,0.0,-0.0,0.01,18.13,inf,Obstacle is driving toward the ego car longitudinally. No lateral relative motion.
76.0,20051.0,Front-right,149.84,-101.2,145.33,-99.59,-8.13,0.0,-0.0,0.01,17.87,inf,Obstacle is driving toward the ego car longitudinally. No lateral relative motion.
76.0,20052.0,Front-right,147.72,-107.86,143.21,-106.25,-8.13,0.0,-0.0,0.01,17.61,inf,Obstacle is driving toward the ego car longitudinally. No lateral relative motion.
76.0,20053.0,Front-right,145.6,-114.52,141.09,-112.91,-8.13,0.0,-0.0,0.01,17.35,inf,Obstacle is driving toward the ego car longitudinally. No lateral relative motion.
76.0,20054.0,Front-right,86.27,-23.5,81.76,-21.89,-8.09,-0.02,0.11,0.33,10.11,inf,Obstacle is driving toward the ego car longitudinally. Obstacle is moving away laterally to the right.
76.0,20055.0,Front-right,141.71,-126.78,137.2,-125.17,-8.13,0.0,-0.0,0.01,16.87,inf,Obstacle is driving toward the ego car longitudinally. No lateral relative motion.
76.0,20056.0,Front-right,138.99,-135.31,134.48,-133.7,-8.13,0.0,-0.0,0.01,16.53,inf,Obstacle is driving toward the ego car longitudinally. No lateral relative motion.
76.0,20057.0,Front-right,166.09,-39.1,161.59,-37.49,-8.13,-0.0,-0.0,0.01,19.86,inf,Obstacle is driving toward the ego car longitudinally. No lateral relative motion.
76.0,20058.0,Front-right,136.87,-141.99,132.36,-140.38,-8.12,0.06,-0.3,0.08,16.31,2539.73,Obstacle is driving toward the ego car longitudinally. Obstacle is driving toward the ego car laterally from the right.
76.0,20059.0,Front-right,77.33,-19.64,72.82,-18.03,-7.02,-0.46,0.36,1.12,10.37,inf,Obstacle is driving toward the ego car longitudinally. Obstacle is moving away laterally to the right.
76.0,20060.0,Front-right,168.34,-32.49,163.83,-30.88,-8.13,-0.0,-0.0,0.01,20.14,inf,Obstacle is driving toward the ego car longitudinally. No lateral relative motion.
76.0,20061.0,Front-right,134.56,-149.26,130.05,-147.65,-7.88,0.79,-0.58,0.14,16.5,187.19,Obstacle is driving toward the ego car longitudinally. Obstacle is driving toward the ego car laterally from the right.
76.0,20062.0,Front-right,67.89,-15.73,63.39,-14.12,-5.02,-1.18,0.49,1.69,12.62,inf,Obstacle is driving toward the ego car longitudinally. Obstacle is moving away laterally to the right.
76.0,20063.0,Front-right,54.98,-10.93,50.48,-9.32,-2.33,-1.97,0.53,2.09,21.63,inf,Obstacle is driving toward the ego car longitudinally. Obstacle is moving away laterally to the right.
76.0,20064.0,Front-right,131.94,-157.5,127.43,-155.89,-7.77,1.16,0.0,0.0,16.41,134.78,Obstacle is driving toward the ego car longitudinally. Obstacle is driving toward the ego car laterally from the right.
76.0,20066.0,Front-right,129.36,-165.61,124.85,-164.0,-7.67,1.45,-0.48,0.12,16.27,112.9,Obstacle is driving toward the ego car longitudinally. Obstacle is driving toward the ego car laterally from the right.
77.0,20003.0,Front-right,149.35,-48.27,144.84,-46.66,-8.13,-0.0,-0.0,0.0,17.81,inf,Obstacle is driving toward the ego car longitudinally. No lateral relative motion.
77.0,20007.0,Front-right,142.75,-45.99,138.25,-44.38,-8.13,-0.0,-0.0,0.0,17.0,inf,Obstacle is driving toward the ego car longitudinally. No lateral relative motion.
77.0,20013.0,Front-right,136.22,-43.55,131.71,-41.94,-8.13,-0.0,-0.0,0.0,16.19,inf,Obstacle is driving toward the ego car longitudinally. No lateral relative motion.
77.0,20017.0,Front-right,129.71,-41.02,125.2,-39.41,-8.13,-0.0,-0.0,0.0,15.39,inf,Obstacle is driving toward the ego car longitudinally. No lateral relative motion.
77.0,20019.0,Front-right,123.24,-38.39,118.74,-36.78,-8.13,-0.0,-0.0,0.0,14.6,inf,Obstacle is driving toward the ego car longitudinally. No lateral relative motion.
77.0,20021.0,Front-right,116.79,-35.73,112.28,-34.12,-8.13,-0.0,-0.0,0.0,13.8,inf,Obstacle is driving toward the ego car longitudinally. No lateral relative motion.
77.0,20025.0,Front-right,110.37,-32.98,105.87,-31.37,-8.13,-0.0,-0.0,0.0,13.02,inf,Obstacle is driving toward the ego car longitudinally. No lateral relative motion.
77.0,20035.0,Front-right,103.96,-30.23,99.45,-28.62,-8.13,-0.0,-0.0,0.0,12.23,inf,Obstacle is driving toward the ego car longitudinally. No lateral relative motion.
77.0,20039.0,Front-right,97.55,-27.48,93.04,-25.87,-8.13,-0.0,-0.0,0.0,11.44,inf,Obstacle is driving toward the ego car longitudinally. No lateral relative motion.
77.0,20043.0,Rear-right,-73.02,-27.74,-68.51,-26.13,-20.39,-8.42,-0.02,0.02,inf,inf,Obstacle is moving away longitudinally. Obstacle is moving away laterally to the right.
77.0,20044.0,Rear-right,-35.23,-2.2,-30.72,-0.59,-21.31,-6.03,-0.02,0.04,inf,inf,Obstacle is moving away longitudinally. Obstacle is moving away laterally to the right.
77.0,20045.0,Front-right,160.68,-65.11,156.18,-63.5,-8.13,0.0,-0.0,0.0,19.2,inf,Obstacle is driving toward the ego car longitudinally. No lateral relative motion.
77.0,20047.0,Front-right,158.65,-71.79,154.14,-70.18,-8.13,0.0,-0.0,0.0,18.95,inf,Obstacle is driving toward the ego car longitudinally. No lateral relative motion.
77.0,20049.0,Front-right,154.92,-84.08,150.41,-82.47,-8.13,0.0,-0.0,0.0,18.49,inf,Obstacle is driving toward the ego car longitudinally. No lateral relative motion.
77.0,20050.0,Front-right,152.32,-92.62,147.81,-91.01,-8.13,0.0,-0.0,0.0,18.17,inf,Obstacle is driving toward the ego car longitudinally. No lateral relative motion.
77.0,20051.0,Front-right,150.28,-99.31,145.78,-97.7,-8.13,0.0,-0.0,0.0,17.92,inf,Obstacle is driving toward the ego car longitudinally. No lateral relative motion.
77.0,20052.0,Front-right,148.25,-105.99,143.74,-104.38,-8.13,0.0,-0.0,0.0,17.67,inf,Obstacle is driving toward the ego car longitudinally. No lateral relative motion.
77.0,20053.0,Front-right,146.22,-112.69,141.71,-111.08,-8.13,0.0,-0.0,0.0,17.42,inf,Obstacle is driving toward the ego car longitudinally. No lateral relative motion.
77.0,20054.0,Front-right,85.75,-22.42,81.24,-20.81,-8.12,-0.01,0.11,0.33,10.0,inf,Obstacle is driving toward the ego car longitudinally. Obstacle is moving away laterally to the right.
77.0,20055.0,Front-right,142.47,-124.98,137.97,-123.37,-8.13,0.0,-0.0,0.0,16.96,inf,Obstacle is driving toward the ego car longitudinally. No lateral relative motion.
77.0,20056.0,Front-right,139.87,-133.55,135.36,-131.94,-8.13,0.0,-0.0,0.0,16.64,inf,Obstacle is driving toward the ego car longitudinally. No lateral relative motion.
77.0,20057.0,Front-right,165.76,-37.01,161.25,-35.4,-8.13,-0.0,-0.0,0.0,19.82,inf,Obstacle is driving toward the ego car longitudinally. No lateral relative motion.
77.0,20058.0,Front-right,137.83,-140.26,133.32,-138.65,-8.13,0.03,-0.3,0.07,16.41,5347.44,Obstacle is driving toward the ego car longitudinally. Obstacle is driving toward the ego car laterally from the right.
77.0,20059.0,Front-right,76.86,-18.71,72.35,-17.1,-7.12,-0.41,0.36,1.12,10.16,inf,Obstacle is driving toward the ego car longitudinally. Obstacle is moving away laterally to the right.
77.0,20060.0,Front-right,167.92,-30.37,163.41,-28.76,-8.13,-0.0,-0.0,0.0,20.09,inf,Obstacle is driving toward the ego car longitudinally. No lateral relative motion.
77.0,20061.0,Front-right,135.63,-147.49,131.12,-145.88,-7.91,0.74,-0.58,0.14,16.58,198.43,Obstacle is driving toward the ego car longitudinally. Obstacle is driving toward the ego car laterally from the right.
77.0,20062.0,Front-right,67.58,-14.99,63.07,-13.38,-5.17,-1.08,0.49,1.69,12.19,inf,Obstacle is driving toward the ego car longitudinally. Obstacle is moving away laterally to the right.
77.0,20063.0,Front-right,54.87,-10.42,50.37,-8.81,-2.51,-1.83,0.53,2.09,20.04,inf,Obstacle is driving toward the ego car longitudinally. Obstacle is moving away laterally to the right.
77.0,20064.0,Front-right,133.13,-155.71,128.62,-154.1,-7.78,1.16,0.0,0.0,16.53,132.69,Obstacle is driving toward the ego car longitudinally. Obstacle is driving toward the ego car laterally from the right.
77.0,20066.0,Front-right,130.66,-163.83,126.15,-162.22,-7.71,1.41,-0.48,0.11,16.37,114.95,Obstacle is driving toward the ego car longitudinally. Obstacle is driving toward the ego car laterally from the right.
78.0,20003.0,Front-right,149.01,-46.77,144.5,-45.16,-8.13,-0.0,0.0,-0.04,17.77,inf,Obstacle is driving toward the ego car longitudinally. No lateral relative motion.
78.0,20007.0,Front-right,142.39,-44.56,137.88,-42.95,-8.13,-0.0,0.0,-0.04,16.96,inf,Obstacle is driving toward the ego car longitudinally. No lateral relative motion.
78.0,20013.0,Front-right,135.83,-42.18,131.32,-40.57,-8.13,-0.0,0.0,-0.04,16.15,inf,Obstacle is driving toward the ego car longitudinally. No lateral relative motion.
78.0,20017.0,Front-right,129.3,-39.72,124.79,-38.11,-8.13,-0.0,0.0,-0.04,15.35,inf,Obstacle is driving toward the ego car longitudinally. No lateral relative motion.
78.0,20019.0,Front-right,122.81,-37.16,118.3,-35.55,-8.13,-0.0,0.0,-0.04,14.55,inf,Obstacle is driving toward the ego car longitudinally. No lateral relative motion.
78.0,20021.0,Front-right,116.33,-34.56,111.82,-32.95,-8.13,-0.0,0.0,-0.04,13.75,inf,Obstacle is driving toward the ego car longitudinally. No lateral relative motion.
78.0,20025.0,Front-right,109.88,-31.87,105.38,-30.26,-8.13,-0.0,0.0,-0.04,12.96,inf,Obstacle is driving toward the ego car longitudinally. No lateral relative motion.
78.0,20035.0,Front-right,103.44,-29.19,98.93,-27.58,-8.13,-0.0,0.0,-0.04,12.17,inf,Obstacle is driving toward the ego car longitudinally. No lateral relative motion.
78.0,20039.0,Front-right,97.0,-26.5,92.5,-24.89,-8.13,-0.0,0.0,-0.04,11.38,inf,Obstacle is driving toward the ego car longitudinally. No lateral relative motion.
78.0,20043.0,Rear-right,-74.77,-29.32,-70.26,-27.71,-20.3,-8.55,-0.01,-0.02,inf,inf,Obstacle is moving away longitudinally. Obstacle is moving away laterally to the right.
78.0,20044.0,Rear-right,-37.34,-3.17,-32.83,-1.56,-21.24,-6.16,-0.02,-0.0,inf,inf,Obstacle is moving away longitudinally. Obstacle is moving away laterally to the right.
78.0,20045.0,Front-right,160.51,-63.5,156.0,-61.89,-8.13,0.0,0.0,-0.04,19.19,inf,Obstacle is driving toward the ego car longitudinally. No lateral relative motion.
78.0,20047.0,Front-right,158.55,-70.2,154.04,-68.59,-8.13,0.0,0.0,-0.04,18.95,inf,Obstacle is driving toward the ego car longitudinally. No lateral relative motion.
78.0,20049.0,Front-right,154.93,-82.52,150.43,-80.91,-8.13,0.0,0.0,-0.04,18.5,inf,Obstacle is driving toward the ego car longitudinally. No lateral relative motion.
78.0,20050.0,Front-right,152.42,-91.1,147.91,-89.49,-8.13,0.0,0.0,-0.04,18.19,inf,Obstacle is driving toward the ego car longitudinally. No lateral relative motion.
78.0,20051.0,Front-right,150.45,-97.8,145.95,-96.19,-8.13,0.0,0.0,-0.04,17.95,inf,Obstacle is driving toward the ego car longitudinally. No lateral relative motion.
78.0,20052.0,Front-right,148.49,-104.51,143.98,-102.9,-8.13,0.0,0.0,-0.04,17.71,inf,Obstacle is driving toward the ego car longitudinally. No lateral relative motion.
78.0,20053.0,Front-right,146.52,-111.22,142.01,-109.61,-8.13,0.0,0.0,-0.04,17.47,inf,Obstacle is driving toward the ego car longitudinally. No lateral relative motion.
78.0,20054.0,Front-right,85.16,-21.56,80.65,-19.95,-8.13,-0.0,0.0,-0.04,9.92,inf,Obstacle is driving toward the ego car longitudinally. No lateral relative motion.
78.0,20055.0,Front-right,142.9,-123.56,138.39,-121.95,-8.13,0.0,0.0,-0.04,17.02,inf,Obstacle is driving toward the ego car longitudinally. No lateral relative motion.
78.0,20056.0,Front-right,140.38,-132.15,135.87,-130.54,-8.13,0.0,0.0,-0.04,16.71,inf,Obstacle is driving toward the ego car longitudinally. No lateral relative motion.
78.0,20057.0,Front-right,165.31,-35.35,160.8,-33.74,-8.13,-0.0,0.0,-0.04,19.78,inf,Obstacle is driving toward the ego car longitudinally. No lateral relative motion.
78.0,20058.0,Front-right,138.41,-138.87,133.9,-137.26,-8.13,0.0,0.0,-0.04,16.47,inf,Obstacle is driving toward the ego car longitudinally. No lateral relative motion.
78.0,20059.0,Front-right,76.33,-17.98,71.82,-16.37,-7.23,-0.35,0.36,1.08,9.94,inf,Obstacle is driving toward the ego car longitudinally. Obstacle is moving away laterally to the right.
78.0,20060.0,Front-right,167.4,-28.7,162.89,-27.09,-8.13,-0.0,0.0,-0.04,20.04,inf,Obstacle is driving toward the ego car longitudinally. No lateral relative motion.
78.0,20061.0,Front-right,136.3,-146.05,131.8,-144.44,-7.93,0.68,-0.58,0.1,16.62,212.27,Obstacle is driving toward the ego car longitudinally. Obstacle is driving toward the ego car laterally from the right.
78.0,20062.0,Front-right,67.2,-14.42,62.69,-12.81,-5.36,-1.08,0.55,1.64,11.7,inf,Obstacle is driving toward the ego car longitudinally. Obstacle is moving away laterally to the right.
78.0,20063.0,Front-right,54.72,-10.05,50.21,-8.44,-2.7,-1.71,0.53,2.05,18.61,inf,Obstacle is driving toward the ego car longitudinally. Obstacle is moving away laterally to the right.
78.0,20064.0,Front-right,133.9,-154.26,129.39,-152.65,-7.79,1.17,0.01,-0.04,16.61,131.0,Obstacle is driving toward the ego car longitudinally. Obstacle is driving toward the ego car laterally from the right.
78.0,20066.0,Front-right,131.52,-162.38,127.01,-160.77,-7.73,1.37,-0.48,0.08,16.43,117.5,Obstacle is driving toward the ego car longitudinally. Obstacle is driving toward the ego car laterally from the right.
79.0,20003.0,Front-right,148.37,-46.2,143.86,-44.59,-8.12,-0.0,0.0,-0.07,17.72,inf,Obstacle is driving toward the ego car longitudinally. No lateral relative motion.
79.0,20007.0,Front-right,141.75,-44.02,137.24,-42.41,-8.12,-0.0,0.0,-0.07,16.9,inf,Obstacle is driving toward the ego car longitudinally. No lateral relative motion.
79.0,20013.0,Front-right,135.18,-41.67,130.67,-40.06,-8.12,-0.0,0.0,-0.07,16.09,inf,Obstacle is driving toward the ego car longitudinally. No lateral relative motion.
79.0,20017.0,Front-right,128.63,-39.23,124.13,-37.62,-8.12,-0.0,0.0,-0.07,15.29,inf,Obstacle is driving toward the ego car longitudinally. No lateral relative motion.
79.0,20019.0,Front-right,122.13,-36.69,117.63,-35.08,-8.12,-0.0,0.0,-0.07,14.49,inf,Obstacle is driving toward the ego car longitudinally. No lateral relative motion.
79.0,20021.0,Front-right,115.64,-34.12,111.14,-32.51,-8.12,-0.0,0.0,-0.07,13.69,inf,Obstacle is driving toward the ego car longitudinally. No lateral relative motion.
79.0,20025.0,Front-right,109.19,-31.45,104.68,-29.84,-8.12,-0.0,0.0,-0.07,12.89,inf,Obstacle is driving toward the ego car longitudinally. No lateral relative motion.
79.0,20035.0,Front-right,102.74,-28.79,98.23,-27.18,-8.12,-0.0,0.0,-0.07,12.1,inf,Obstacle is driving toward the ego car longitudinally. No lateral relative motion.
79.0,20039.0,Front-right,96.29,-26.13,91.78,-24.52,-8.12,-0.0,0.0,-0.07,11.3,inf,Obstacle is driving toward the ego car longitudinally. No lateral relative motion.
79.0,20043.0,Rear-right,-76.69,-30.47,-72.18,-28.86,-20.26,-8.59,-0.01,-0.05,inf,inf,Obstacle is moving away longitudinally. Obstacle is moving away laterally to the right.
79.0,20044.0,Rear-right,-39.45,-3.95,-34.94,-2.34,-20.76,-7.08,-0.02,-0.04,inf,inf,Obstacle is moving away longitudinally. Obstacle is moving away laterally to the right.
79.0,20045.0,Front-right,159.94,-62.89,155.43,-61.28,-8.12,0.0,0.0,-0.07,19.14,inf,Obstacle is driving toward the ego car longitudinally. No lateral relative motion.
79.0,20047.0,Front-right,158.0,-69.6,153.49,-67.99,-8.12,0.0,0.0,-0.07,18.91,inf,Obstacle is driving toward the ego car longitudinally. No lateral relative motion.
79.0,20049.0,Front-right,154.43,-81.93,149.93,-80.32,-8.12,0.0,0.0,-0.07,18.47,inf,Obstacle is driving toward the ego car longitudinally. No lateral relative motion.
79.0,20050.0,Front-right,151.95,-90.52,147.44,-88.91,-8.12,0.0,0.0,-0.07,18.16,inf,Obstacle is driving toward the ego car longitudinally. No lateral relative motion.
79.0,20051.0,Front-right,150.01,-97.23,145.5,-95.62,-8.12,0.0,0.0,-0.07,17.92,inf,Obstacle is driving toward the ego car longitudinally. No lateral relative motion.
79.0,20052.0,Front-right,148.07,-103.94,143.56,-102.33,-8.12,0.0,0.0,-0.07,17.68,inf,Obstacle is driving toward the ego car longitudinally. No lateral relative motion.
79.0,20053.0,Front-right,146.13,-110.66,141.62,-109.05,-8.12,0.0,0.0,-0.07,17.44,inf,Obstacle is driving toward the ego car longitudinally. No lateral relative motion.
79.0,20054.0,Front-right,84.42,-21.23,79.92,-19.62,-8.12,-0.0,0.0,-0.07,9.84,inf,Obstacle is driving toward the ego car longitudinally. No lateral relative motion.
79.0,20055.0,Front-right,142.56,-123.01,138.05,-121.4,-8.12,0.0,0.0,-0.07,17.0,inf,Obstacle is driving toward the ego car longitudinally. No lateral relative motion.
79.0,20056.0,Front-right,140.07,-131.61,135.56,-130.0,-8.12,0.0,0.0,-0.07,16.7,inf,Obstacle is driving toward the ego car longitudinally. No lateral relative motion.
79.0,20057.0,Front-right,164.63,-34.72,160.12,-33.11,-8.12,-0.0,0.0,-0.07,19.72,inf,Obstacle is driving toward the ego car longitudinally. No lateral relative motion.
79.0,20058.0,Front-right,138.12,-138.35,133.62,-136.74,-8.12,0.0,0.0,-0.07,16.46,inf,Obstacle is driving toward the ego car longitudinally. No lateral relative motion.
79.0,20059.0,Front-right,75.67,-17.72,71.16,-16.11,-7.3,-0.32,0.29,0.8,9.75,inf,Obstacle is driving toward the ego car longitudinally. Obstacle is moving away laterally to the right.
79.0,20060.0,Front-right,166.7,-28.06,162.19,-26.45,-8.12,-0.0,0.0,-0.07,19.98,inf,Obstacle is driving toward the ego car longitudinally. No lateral relative motion.
79.0,20061.0,Front-right,136.06,-145.47,131.56,-143.86,-7.94,0.62,-0.58,0.06,16.57,230.77,Obstacle is driving toward the ego car longitudinally. Obstacle is driving toward the ego car laterally from the right.
79.0,20062.0,Front-right,66.71,-14.27,62.2,-12.66,-5.49,-1.01,0.49,1.42,11.33,inf,Obstacle is driving toward the ego car longitudinally. Obstacle is moving away laterally to the right.
79.0,20063.0,Front-right,54.48,-10.01,49.97,-8.4,-2.87,-1.63,0.5,1.89,17.39,inf,Obstacle is driving toward the ego car longitudinally. Obstacle is moving away laterally to the right.
79.0,20064.0,Front-right,133.7,-153.63,129.2,-152.02,-7.79,1.15,-0.16,-0.04,16.59,132.16,Obstacle is driving toward the ego car longitudinally. Obstacle is driving toward the ego car laterally from the right.
79.0,20066.0,Front-right,131.36,-161.74,126.85,-160.13,-7.73,1.34,-0.32,0.0,16.41,119.68,Obstacle is driving toward the ego car longitudinally. Obstacle is driving toward the ego car laterally from the right.
80.0,20003.0,Front-right,147.81,-45.39,143.3,-43.78,-8.1,-0.0,0.01,-0.11,17.69,inf,Obstacle is driving toward the ego car longitudinally. No lateral relative motion.
80.0,20007.0,Front-right,141.17,-43.24,136.67,-41.63,-8.1,-0.0,0.01,-0.11,16.87,inf,Obstacle is driving toward the ego car longitudinally. No lateral relative motion.
80.0,20013.0,Front-right,134.59,-40.92,130.08,-39.31,-8.1,-0.0,0.01,-0.11,16.06,inf,Obstacle is driving toward the ego car longitudinally. No lateral relative motion.
80.0,20017.0,Front-right,128.04,-38.52,123.53,-36.91,-8.1,-0.0,0.01,-0.11,15.25,inf,Obstacle is driving toward the ego car longitudinally. No lateral relative motion.
80.0,20019.0,Front-right,121.52,-36.02,117.01,-34.41,-8.1,-0.0,0.01,-0.11,14.44,inf,Obstacle is driving toward the ego car longitudinally. No lateral relative motion.
80.0,20021.0,Front-right,115.02,-33.48,110.51,-31.87,-8.1,-0.0,0.01,-0.11,13.64,inf,Obstacle is driving toward the ego car longitudinally. No lateral relative motion.
80.0,20025.0,Front-right,108.55,-30.85,104.04,-29.24,-8.1,-0.0,0.01,-0.11,12.84,inf,Obstacle is driving toward the ego car longitudinally. No lateral relative motion.
80.0,20035.0,Front-right,102.08,-28.23,97.57,-26.62,-8.1,-0.0,0.01,-0.11,12.05,inf,Obstacle is driving toward the ego car longitudinally. No lateral relative motion.
80.0,20039.0,Front-right,95.62,-25.6,91.11,-23.99,-8.1,-0.0,0.01,-0.11,11.25,inf,Obstacle is driving toward the ego car longitudinally. No lateral relative motion.
80.0,20043.0,Rear-right,-78.58,-31.71,-74.07,-30.1,-20.61,-8.06,-0.01,-0.09,inf,inf,Obstacle is moving away longitudinally. Obstacle is moving away laterally to the right.
80.0,20044.0,Rear-right,-41.5,-4.88,-36.99,-3.27,-20.71,-7.15,-0.02,-0.07,inf,inf,Obstacle is moving away longitudinally. Obstacle is moving away laterally to the right.
80.0,20045.0,Front-right,159.47,-62.01,154.96,-60.4,-8.1,0.0,0.01,-0.11,19.13,inf,Obstacle is driving toward the ego car longitudinally. No lateral relative motion.
80.0,20047.0,Front-right,157.57,-68.73,153.06,-67.12,-8.1,0.0,0.01,-0.11,18.89,inf,Obstacle is driving toward the ego car longitudinally. No lateral relative motion.
80.0,20049.0,Front-right,154.07,-81.09,149.56,-79.48,-8.1,0.0,0.01,-0.11,18.46,inf,Obstacle is driving toward the ego car longitudinally. No lateral relative motion.
80.0,20050.0,Front-right,151.63,-89.68,147.13,-88.07,-8.1,0.0,0.01,-0.11,18.16,inf,Obstacle is driving toward the ego car longitudinally. No lateral relative motion.
80.0,20051.0,Front-right,149.73,-96.4,145.22,-94.79,-8.1,0.0,0.01,-0.11,17.93,inf,Obstacle is driving toward the ego car longitudinally. No lateral relative motion.
80.0,20052.0,Front-right,147.83,-103.13,143.32,-101.52,-8.1,0.0,0.01,-0.11,17.69,inf,Obstacle is driving toward the ego car longitudinally. No lateral relative motion.
80.0,20053.0,Front-right,145.92,-109.86,141.41,-108.25,-8.1,0.0,0.01,-0.11,17.46,inf,Obstacle is driving toward the ego car longitudinally. No lateral relative motion.
80.0,20054.0,Front-right,83.73,-20.77,79.22,-19.16,-8.1,-0.0,0.01,-0.11,9.78,inf,Obstacle is driving toward the ego car longitudinally. No lateral relative motion.
80.0,20055.0,Front-right,142.42,-122.23,137.91,-120.62,-8.1,0.0,0.01,-0.11,17.02,inf,Obstacle is driving toward the ego car longitudinally. No lateral relative motion.
80.0,20056.0,Front-right,139.98,-130.84,135.47,-129.23,-8.1,0.0,0.01,-0.11,16.72,inf,Obstacle is driving toward the ego car longitudinally. No lateral relative motion.
80.0,20057.0,Front-right,164.0,-33.82,159.49,-32.21,-8.1,-0.0,0.01,-0.11,19.69,inf,Obstacle is driving toward the ego car longitudinally. No lateral relative motion.
80.0,20058.0,Front-right,138.07,-137.59,133.56,-135.98,-8.1,0.0,0.01,-0.11,16.49,inf,Obstacle is driving toward the ego car longitudinally. No lateral relative motion.
80.0,20059.0,Front-right,75.03,-17.34,70.52,-15.73,-7.36,-0.28,0.29,0.76,9.58,inf,Obstacle is driving toward the ego car longitudinally. Obstacle is moving away laterally to the right.
80.0,20060.0,Front-right,166.04,-27.14,161.53,-25.53,-8.1,-0.0,0.01,-0.11,19.94,inf,Obstacle is driving toward the ego car longitudinally. No lateral relative motion.
80.0,20061.0,Front-right,136.07,-144.66,131.56,-143.05,-7.94,0.57,-0.58,0.03,16.57,252.54,Obstacle is driving toward the ego car longitudinally. Obstacle is driving toward the ego car laterally from the right.
80.0,20062.0,Front-right,66.23,-14.0,61.72,-12.39,-5.61,-0.94,0.49,1.38,11.0,inf,Obstacle is driving toward the ego car longitudinally. Obstacle is moving away laterally to the right.
80.0,20063.0,Front-right,54.23,-9.87,49.72,-8.26,-3.04,-1.54,0.5,1.85,16.36,inf,Obstacle is driving toward the ego car longitudinally. Obstacle is moving away laterally to the right.
80.0,20064.0,Front-right,133.77,-152.78,129.26,-151.17,-7.78,1.14,-0.16,-0.07,16.62,133.1,Obstacle is driving toward the ego car longitudinally. Obstacle is driving toward the ego car laterally from the right.
80.0,20066.0,Front-right,131.47,-160.89,126.96,-159.28,-7.73,1.31,-0.32,-0.03,16.42,121.73,Obstacle is driving toward the ego car longitudinally. Obstacle is driving toward the ego car laterally from the right.
81.0,20003.0,Front-right,147.2,-44.73,142.69,-43.12,-8.09,-0.0,0.0,-0.08,17.64,inf,Obstacle is driving toward the ego car longitudinally. No lateral relative motion.
81.0,20007.0,Front-right,140.56,-42.61,136.05,-41.0,-8.09,-0.0,0.0,-0.08,16.82,inf,Obstacle is driving toward the ego car longitudinally. No lateral relative motion.
81.0,20013.0,Front-right,133.96,-40.32,129.45,-38.71,-8.09,-0.0,0.0,-0.08,16.01,inf,Obstacle is driving toward the ego car longitudinally. No lateral relative motion.
81.0,20017.0,Front-right,127.4,-37.95,122.89,-36.34,-8.09,-0.0,0.0,-0.08,15.2,inf,Obstacle is driving toward the ego car longitudinally. No lateral relative motion.
81.0,20019.0,Front-right,120.87,-35.47,116.36,-33.86,-8.09,-0.0,0.0,-0.08,14.39,inf,Obstacle is driving toward the ego car longitudinally. No lateral relative motion.
81.0,20021.0,Front-right,114.36,-32.97,109.85,-31.36,-8.09,-0.0,0.0,-0.08,13.58,inf,Obstacle is driving toward the ego car longitudinally. No lateral relative motion.
81.0,20025.0,Front-right,107.88,-30.37,103.37,-28.76,-8.09,-0.0,0.0,-0.08,12.78,inf,Obstacle is driving toward the ego car longitudinally. No lateral relative motion.
81.0,20035.0,Front-right,101.4,-27.77,96.89,-26.16,-8.09,-0.0,0.0,-0.08,11.98,inf,Obstacle is driving toward the ego car longitudinally. No lateral relative motion.
81.0,20039.0,Front-right,94.92,-25.17,90.42,-23.56,-8.09,-0.0,0.0,-0.08,11.18,inf,Obstacle is driving toward the ego car longitudinally. No lateral relative motion.
81.0,20044.0,Rear-right,-43.55,-5.79,-39.04,-4.18,-20.67,-7.21,-0.02,-0.05,inf,inf,Obstacle is moving away longitudinally. Obstacle is moving away laterally to the right.
81.0,20045.0,Front-right,158.94,-61.3,154.43,-59.69,-8.09,0.0,0.0,-0.08,19.1,inf,Obstacle is driving toward the ego car longitudinally. No lateral relative motion.
81.0,20047.0,Front-right,157.06,-68.02,152.55,-66.41,-8.09,0.0,0.0,-0.08,18.86,inf,Obstacle is driving toward the ego car longitudinally. No lateral relative motion.
81.0,20049.0,Front-right,153.62,-80.39,149.11,-78.78,-8.09,0.0,0.0,-0.08,18.44,inf,Obstacle is driving toward the ego car longitudinally. No lateral relative motion.
81.0,20050.0,Front-right,151.22,-89.0,146.72,-87.39,-8.09,0.0,0.0,-0.08,18.14,inf,Obstacle is driving toward the ego car longitudinally. No lateral relative motion.
81.0,20051.0,Front-right,149.35,-95.73,144.84,-94.12,-8.09,0.0,0.0,-0.08,17.91,inf,Obstacle is driving toward the ego car longitudinally. No lateral relative motion.
81.0,20052.0,Front-right,147.48,-102.47,142.97,-100.86,-8.09,0.0,0.0,-0.08,17.68,inf,Obstacle is driving toward the ego car longitudinally. No lateral relative motion.
81.0,20053.0,Front-right,145.6,-109.2,141.09,-107.59,-8.09,0.0,0.0,-0.08,17.45,inf,Obstacle is driving toward the ego car longitudinally. No lateral relative motion.
81.0,20054.0,Front-right,83.01,-20.4,78.5,-18.79,-8.09,-0.0,0.0,-0.08,9.71,inf,Obstacle is driving toward the ego car longitudinally. No lateral relative motion.
81.0,20055.0,Front-right,142.15,-121.59,137.65,-119.98,-8.09,0.0,0.0,-0.08,17.02,inf,Obstacle is driving toward the ego car longitudinally. No lateral relative motion.
81.0,20056.0,Front-right,139.75,-130.21,135.24,-128.6,-8.09,0.0,0.0,-0.08,16.72,inf,Obstacle is driving toward the ego car longitudinally. No lateral relative motion.
81.0,20057.0,Front-right,163.34,-33.08,158.83,-31.47,-8.09,-0.0,0.0,-0.08,19.64,inf,Obstacle is driving toward the ego car longitudinally. No lateral relative motion.
81.0,20058.0,Front-right,137.87,-136.97,133.37,-135.36,-8.09,0.0,0.0,-0.08,16.49,inf,Obstacle is driving toward the ego car longitudinally. No lateral relative motion.
81.0,20059.0,Front-right,74.36,-17.03,69.86,-15.42,-7.43,-0.24,0.29,0.79,9.4,inf,Obstacle is driving toward the ego car longitudinally. Obstacle is moving away laterally to the right.
81.0,20060.0,Front-right,165.35,-26.4,160.84,-24.79,-8.09,-0.0,0.0,-0.08,19.89,inf,Obstacle is driving toward the ego car longitudinally. No lateral relative motion.
81.0,20061.0,Front-right,135.92,-143.99,131.41,-142.38,-7.95,0.51,-0.58,0.05,16.54,279.65,Obstacle is driving toward the ego car longitudinally. Obstacle is driving toward the ego car laterally from the right.
81.0,20062.0,Front-right,65.72,-13.8,61.21,-12.19,-5.74,-0.88,0.49,1.41,10.67,inf,Obstacle is driving toward the ego car longitudinally. Obstacle is moving away laterally to the right.
81.0,20063.0,Front-right,53.96,-9.78,49.45,-8.17,-3.27,-1.63,0.57,1.86,15.13,inf,Obstacle is driving toward the ego car longitudinally. Obstacle is moving away laterally to the right.
81.0,20064.0,Front-right,133.67,-152.07,129.16,-150.46,-7.77,1.12,-0.16,-0.04,16.61,134.23,Obstacle is driving toward the ego car longitudinally. Obstacle is driving toward the ego car laterally from the right.
81.0,20066.0,Front-right,131.42,-160.17,126.91,-158.56,-7.73,1.28,-0.32,-0.01,16.42,124.04,Obstacle is driving toward the ego car longitudinally. Obstacle is driving toward the ego car laterally from the right.
82.0,20003.0,Front-right,146.51,-44.34,142.0,-42.73,-8.07,-0.0,0.0,-0.11,17.6,inf,Obstacle is driving toward the ego car longitudinally. No lateral relative motion.
82.0,20007.0,Front-right,139.86,-42.24,135.35,-40.63,-8.07,-0.0,0.0,-0.11,16.78,inf,Obstacle is driving toward the ego car longitudinally. No lateral relative motion.
82.0,20013.0,Front-right,133.26,-39.97,128.75,-38.36,-8.07,-0.0,0.0,-0.11,15.96,inf,Obstacle is driving toward the ego car longitudinally. No lateral relative motion.
82.0,20017.0,Front-right,126.69,-37.61,122.18,-36.0,-8.07,-0.0,0.0,-0.11,15.14,inf,Obstacle is driving toward the ego car longitudinally. No lateral relative motion.
82.0,20019.0,Front-right,120.15,-35.15,115.65,-33.54,-8.07,-0.0,0.0,-0.11,14.33,inf,Obstacle is driving toward the ego car longitudinally. No lateral relative motion.
82.0,20021.0,Front-right,113.63,-32.66,109.12,-31.05,-8.07,-0.0,0.0,-0.11,13.53,inf,Obstacle is driving toward the ego car longitudinally. No lateral relative motion.
82.0,20025.0,Front-right,107.15,-30.08,102.64,-28.47,-8.07,-0.0,0.0,-0.11,12.72,inf,Obstacle is driving toward the ego car longitudinally. No lateral relative motion.
82.0,20035.0,Front-right,100.66,-27.5,96.15,-25.89,-8.07,-0.0,0.0,-0.11,11.92,inf,Obstacle is driving toward the ego car longitudinally. No lateral relative motion.
82.0,20039.0,Front-right,94.18,-24.92,89.67,-23.31,-8.07,-0.0,0.0,-0.11,11.12,inf,Obstacle is driving toward the ego car longitudinally. No lateral relative motion.
82.0,20044.0,Rear-right,-45.61,-6.63,-41.1,-5.02,-20.63,-7.25,-0.01,-0.08,inf,inf,Obstacle is moving away longitudinally. Obstacle is moving away laterally to the right.
82.0,20045.0,Front-right,158.29,-60.88,153.78,-59.27,-8.07,0.0,0.0,-0.11,19.06,inf,Obstacle is driving toward the ego car longitudinally. No lateral relative motion.
82.0,20047.0,Front-right,156.43,-67.61,151.92,-66.0,-8.07,0.0,0.0,-0.11,18.83,inf,Obstacle is driving toward the ego car longitudinally. No lateral relative motion.
82.0,20049.0,Front-right,153.02,-79.99,148.51,-78.38,-8.07,0.0,0.0,-0.11,18.41,inf,Obstacle is driving toward the ego car longitudinally. No lateral relative motion.
82.0,20050.0,Front-right,150.65,-88.6,146.14,-86.99,-8.07,0.0,0.0,-0.11,18.11,inf,Obstacle is driving toward the ego car longitudinally. No lateral relative motion.
82.0,20051.0,Front-right,148.79,-95.34,144.28,-93.73,-8.07,0.0,0.0,-0.11,17.88,inf,Obstacle is driving toward the ego car longitudinally. No lateral relative motion.
82.0,20052.0,Front-right,146.94,-102.08,142.43,-100.47,-8.07,0.0,0.0,-0.11,17.65,inf,Obstacle is driving toward the ego car longitudinally. No lateral relative motion.
82.0,20053.0,Front-right,145.08,-108.82,140.57,-107.21,-8.07,0.0,0.0,-0.11,17.42,inf,Obstacle is driving toward the ego car longitudinally. No lateral relative motion.
82.0,20054.0,Front-right,82.25,-20.18,77.74,-18.57,-8.07,-0.0,0.0,-0.11,9.64,inf,Obstacle is driving toward the ego car longitudinally. No lateral relative motion.
82.0,20055.0,Front-right,141.66,-121.21,137.16,-119.6,-8.07,0.0,0.0,-0.11,17.0,inf,Obstacle is driving toward the ego car longitudinally. No lateral relative motion.
82.0,20056.0,Front-right,139.29,-129.85,134.78,-128.24,-8.07,0.0,0.0,-0.11,16.71,inf,Obstacle is driving toward the ego car longitudinally. No lateral relative motion.
82.0,20057.0,Front-right,162.62,-32.65,158.11,-31.04,-8.07,-0.0,0.0,-0.11,19.6,inf,Obstacle is driving toward the ego car longitudinally. No lateral relative motion.
82.0,20058.0,Front-right,137.42,-136.6,132.92,-134.99,-8.07,0.0,0.0,-0.11,16.48,inf,Obstacle is driving toward the ego car longitudinally. No lateral relative motion.
82.0,20059.0,Front-right,73.66,-16.85,69.15,-15.24,-7.5,-0.21,0.29,0.76,9.22,inf,Obstacle is driving toward the ego car longitudinally. Obstacle is moving away laterally to the right.
82.0,20060.0,Front-right,164.61,-25.96,160.1,-24.35,-8.07,-0.0,0.0,-0.11,19.84,inf,Obstacle is driving toward the ego car longitudinally. No lateral relative motion.
82.0,20061.0,Front-right,135.5,-143.59,130.99,-141.98,-7.94,0.45,-0.58,0.03,16.49,314.47,Obstacle is driving toward the ego car longitudinally. Obstacle is driving toward the ego car laterally from the right.
82.0,20062.0,Front-right,65.18,-13.71,60.67,-12.1,-5.86,-0.82,0.49,1.38,10.34,inf,Obstacle is driving toward the ego car longitudinally. Obstacle is moving away laterally to the right.
82.0,20063.0,Front-right,53.65,-9.79,49.14,-8.18,-3.44,-1.56,0.57,1.84,14.3,inf,Obstacle is driving toward the ego car longitudinally. Obstacle is moving away laterally to the right.
82.0,20064.0,Front-right,133.29,-151.6,128.78,-149.99,-7.76,1.11,-0.16,-0.07,16.59,135.69,Obstacle is driving toward the ego car longitudinally. Obstacle is driving toward the ego car laterally from the right.
82.0,20066.0,Front-right,131.06,-159.69,126.55,-158.08,-7.72,1.25,-0.32,-0.03,16.38,126.72,Obstacle is driving toward the ego car longitudinally. Obstacle is driving toward the ego car laterally from the right.
83.0,20003.0,Front-right,145.97,-43.44,141.46,-41.83,-8.04,-0.0,0.0,-0.13,17.59,inf,Obstacle is driving toward the ego car longitudinally. No lateral relative motion.
83.0,20007.0,Front-right,139.31,-41.38,134.8,-39.77,-8.04,-0.0,0.0,-0.13,16.76,inf,Obstacle is driving toward the ego car longitudinally. No lateral relative motion.
83.0,20013.0,Front-right,132.69,-39.15,128.18,-37.54,-8.04,-0.0,0.0,-0.13,15.94,inf,Obstacle is driving toward the ego car longitudinally. No lateral relative motion.
83.0,20017.0,Front-right,126.11,-36.84,121.6,-35.23,-8.04,-0.0,0.0,-0.13,15.12,inf,Obstacle is driving toward the ego car longitudinally. No lateral relative motion.
83.0,20019.0,Front-right,119.56,-34.42,115.05,-32.81,-8.04,-0.0,0.0,-0.13,14.3,inf,Obstacle is driving toward the ego car longitudinally. No lateral relative motion.
83.0,20021.0,Front-right,113.02,-31.97,108.51,-30.36,-8.04,-0.0,0.0,-0.13,13.49,inf,Obstacle is driving toward the ego car longitudinally. No lateral relative motion.
83.0,20025.0,Front-right,106.52,-29.43,102.01,-27.82,-8.04,-0.0,0.0,-0.13,12.68,inf,Obstacle is driving toward the ego car longitudinally. No lateral relative motion.
83.0,20035.0,Front-right,100.02,-26.89,95.51,-25.28,-8.04,-0.0,0.0,-0.13,11.88,inf,Obstacle is driving toward the ego car longitudinally. No lateral relative motion.
83.0,20039.0,Front-right,93.52,-24.35,89.01,-22.74,-8.04,-0.0,0.0,-0.13,11.07,inf,Obstacle is driving toward the ego car longitudinally. No lateral relative motion.
83.0,20044.0,Rear-right,-47.6,-7.69,-43.09,-6.08,-20.08,-8.1,-0.01,-0.1,inf,inf,Obstacle is moving away longitudinally. Obstacle is moving away laterally to the right.
83.0,20045.0,Front-right,157.85,-59.91,153.34,-58.3,-8.04,0.0,0.0,-0.13,19.07,inf,Obstacle is driving toward the ego car longitudinally. No lateral relative motion.
83.0,20047.0,Front-right,156.03,-66.65,151.53,-65.04,-8.04,0.0,0.0,-0.13,18.84,inf,Obstacle is driving toward the ego car longitudinally. No lateral relative motion.
83.0,20049.0,Front-right,152.7,-79.05,148.19,-77.44,-8.04,0.0,0.0,-0.13,18.42,inf,Obstacle is driving toward the ego car longitudinally. No lateral relative motion.
83.0,20050.0,Front-right,150.38,-87.68,145.87,-86.07,-8.04,0.0,0.0,-0.13,18.14,inf,Obstacle is driving toward the ego car longitudinally. No lateral relative motion.
83.0,20051.0,Front-right,148.56,-94.43,144.06,-92.82,-8.04,0.0,0.0,-0.13,17.91,inf,Obstacle is driving toward the ego car longitudinally. No lateral relative motion.
83.0,20052.0,Front-right,146.75,-101.18,142.24,-99.57,-8.04,0.0,0.0,-0.13,17.69,inf,Obstacle is driving toward the ego car longitudinally. No lateral relative motion.
83.0,20053.0,Front-right,144.93,-107.93,140.43,-106.32,-8.04,0.0,0.0,-0.13,17.46,inf,Obstacle is driving toward the ego car longitudinally. No lateral relative motion.
83.0,20054.0,Front-right,81.57,-19.67,77.06,-18.06,-8.04,-0.0,0.0,-0.13,9.58,inf,Obstacle is driving toward the ego car longitudinally. No lateral relative motion.
83.0,20055.0,Front-right,141.59,-120.34,137.09,-118.73,-8.04,0.0,0.0,-0.13,17.04,inf,Obstacle is driving toward the ego car longitudinally. No lateral relative motion.
83.0,20056.0,Front-right,139.27,-128.99,134.76,-127.38,-8.04,0.0,0.0,-0.13,16.76,inf,Obstacle is driving toward the ego car longitudinally. No lateral relative motion.
83.0,20057.0,Front-right,162.01,-31.66,157.5,-30.05,-8.04,-0.0,0.0,-0.13,19.58,inf,Obstacle is driving toward the ego car longitudinally. No lateral relative motion.
83.0,20058.0,Front-right,137.45,-135.76,132.94,-134.15,-8.04,0.0,0.0,-0.13,16.53,inf,Obstacle is driving toward the ego car longitudinally. No lateral relative motion.
83.0,20059.0,Front-right,73.01,-16.42,68.5,-14.81,-7.56,-0.18,0.29,0.74,9.06,inf,Obstacle is driving toward the ego car longitudinally. Obstacle is moving away laterally to the right.
83.0,20060.0,Front-right,163.95,-24.96,159.44,-23.35,-8.04,-0.0,0.0,-0.13,19.82,inf,Obstacle is driving toward the ego car longitudinally. No lateral relative motion.
83.0,20061.0,Front-right,135.58,-142.71,131.07,-141.1,-7.94,0.39,-0.58,0.01,16.51,358.04,Obstacle is driving toward the ego car longitudinally. Obstacle is driving toward the ego car laterally from the right.
83.0,20062.0,Front-right,64.66,-13.39,60.16,-11.78,-5.98,-0.75,0.49,1.36,10.06,inf,Obstacle is driving toward the ego car longitudinally. Obstacle is moving away laterally to the right.
83.0,20063.0,Front-right,53.35,-9.62,48.85,-8.01,-3.59,-1.46,0.57,1.81,13.59,inf,Obstacle is driving toward the ego car longitudinally. Obstacle is moving away laterally to the right.
83.0,20064.0,Front-right,133.44,-150.68,128.93,-149.07,-7.75,1.09,-0.16,-0.09,16.64,136.64,Obstacle is driving toward the ego car longitudinally. Obstacle is driving toward the ego car laterally from the right.
83.0,20066.0,Front-right,131.26,-158.77,126.75,-157.16,-7.72,1.22,-0.32,-0.05,16.43,129.06,Obstacle is driving toward the ego car longitudinally. Obstacle is driving toward the ego car laterally from the right.
84.0,20003.0,Front-right,145.51,-42.28,141.0,-40.67,-7.91,-0.03,-0.32,-1.25,17.82,inf,Obstacle is driving toward the ego car longitudinally. Obstacle is moving away laterally to the right.
84.0,20007.0,Front-right,138.83,-40.27,134.32,-38.66,-8.03,-0.0,0.0,-0.04,16.72,inf,Obstacle is driving toward the ego car longitudinally. No lateral relative motion.
84.0,20013.0,Front-right,132.19,-38.09,127.69,-36.48,-8.03,-0.0,0.0,-0.04,15.9,inf,Obstacle is driving toward the ego car longitudinally. No lateral relative motion.
84.0,20017.0,Front-right,125.59,-35.83,121.08,-34.22,-8.03,-0.0,0.0,-0.04,15.08,inf,Obstacle is driving toward the ego car longitudinally. No lateral relative motion.
84.0,20019.0,Front-right,119.02,-33.46,114.52,-31.85,-8.03,-0.0,0.0,-0.04,14.26,inf,Obstacle is driving toward the ego car longitudinally. No lateral relative motion.
84.0,20021.0,Front-right,112.47,-31.07,107.96,-29.46,-8.03,-0.0,0.0,-0.04,13.44,inf,Obstacle is driving toward the ego car longitudinally. No lateral relative motion.
84.0,20025.0,Front-right,105.95,-28.58,101.44,-26.97,-8.03,-0.0,0.0,-0.04,12.63,inf,Obstacle is driving toward the ego car longitudinally. No lateral relative motion.
84.0,20035.0,Front-right,99.42,-26.09,94.92,-24.48,-8.03,-0.0,0.0,-0.04,11.82,inf,Obstacle is driving toward the ego car longitudinally. No lateral relative motion.
84.0,20039.0,Front-right,92.91,-23.6,88.4,-21.99,-8.03,-0.0,0.0,-0.04,11.01,inf,Obstacle is driving toward the ego car longitudinally. No lateral relative motion.
84.0,20044.0,Rear-right,-49.55,-8.89,-45.04,-7.28,-20.01,-8.19,-0.02,-0.02,inf,inf,Obstacle is moving away longitudinally. Obstacle is moving away laterally to the right.
84.0,20045.0,Front-right,157.52,-58.65,153.01,-57.04,-8.03,0.0,0.0,-0.04,19.05,inf,Obstacle is driving toward the ego car longitudinally. No lateral relative motion.
84.0,20047.0,Front-right,155.76,-65.41,151.25,-63.8,-8.03,0.0,0.0,-0.04,18.83,inf,Obstacle is driving toward the ego car longitudinally. No lateral relative motion.
84.0,20049.0,Front-right,152.52,-77.83,148.01,-76.22,-8.03,0.0,0.0,-0.04,18.43,inf,Obstacle is driving toward the ego car longitudinally. No lateral relative motion.
84.0,20050.0,Front-right,150.27,-86.48,145.76,-84.87,-8.03,0.0,0.0,-0.04,18.15,inf,Obstacle is driving toward the ego car longitudinally. No lateral relative motion.
84.0,20051.0,Front-right,148.51,-93.24,144.0,-91.63,-8.03,0.0,0.0,-0.04,17.93,inf,Obstacle is driving toward the ego car longitudinally. No lateral relative motion.
84.0,20052.0,Front-right,146.75,-100.0,142.24,-98.39,-8.03,0.0,0.0,-0.04,17.71,inf,Obstacle is driving toward the ego car longitudinally. No lateral relative motion.
84.0,20053.0,Front-right,144.98,-106.77,140.48,-105.16,-8.03,0.0,0.0,-0.04,17.49,inf,Obstacle is driving toward the ego car longitudinally. No lateral relative motion.
84.0,20054.0,Front-right,80.91,-19.02,76.41,-17.41,-8.03,-0.0,0.0,-0.04,9.51,inf,Obstacle is driving toward the ego car longitudinally. No lateral relative motion.
84.0,20055.0,Front-right,141.74,-119.21,137.24,-117.6,-8.03,0.0,0.0,-0.04,17.09,inf,Obstacle is driving toward the ego car longitudinally. No lateral relative motion.
84.0,20056.0,Front-right,139.49,-127.88,134.98,-126.27,-8.03,0.0,0.0,-0.04,16.81,inf,Obstacle is driving toward the ego car longitudinally. No lateral relative motion.
84.0,20057.0,Front-right,161.45,-30.36,156.94,-28.75,-8.03,-0.0,0.0,-0.04,19.54,inf,Obstacle is driving toward the ego car longitudinally. No lateral relative motion.
84.0,20058.0,Front-right,137.72,-134.66,133.21,-133.05,-8.03,0.0,0.0,-0.04,16.59,inf,Obstacle is driving toward the ego car longitudinally. No lateral relative motion.
84.0,20059.0,Front-right,72.37,-15.86,67.87,-14.25,-7.61,-0.15,0.2,0.55,8.92,inf,Obstacle is driving toward the ego car longitudinally. Obstacle is moving away laterally to the right.
84.0,20060.0,Front-right,163.34,-23.65,158.83,-22.04,-8.03,-0.0,0.0,-0.04,19.78,inf,Obstacle is driving toward the ego car longitudinally. No lateral relative motion.
84.0,20061.0,Front-right,135.92,-141.59,131.41,-139.98,-7.94,0.35,-0.46,0.06,16.55,401.35,Obstacle is driving toward the ego car longitudinally. Obstacle is driving toward the ego car laterally from the right.
84.0,20062.0,Front-right,64.16,-12.94,59.66,-11.33,-6.09,-0.69,0.42,1.25,9.79,inf,Obstacle is driving toward the ego car longitudinally. Obstacle is moving away laterally to the right.
84.0,20063.0,Front-right,53.06,-9.33,48.55,-7.72,-3.75,-1.37,0.53,1.75,12.95,inf,Obstacle is driving toward the ego car longitudinally. Obstacle is moving away laterally to the right.
84.0,20064.0,Front-right,133.86,-149.5,129.35,-147.89,-7.76,1.06,-0.35,0.04,16.68,139.79,Obstacle is driving toward the ego car longitudinally. Obstacle is driving toward the ego car laterally from the right.
84.0,20066.0,Front-right,131.75,-157.59,127.24,-155.98,-7.72,1.2,-0.23,0.01,16.48,130.25,Obstacle is driving toward the ego car longitudinally. Obstacle is driving toward the ego car laterally from the right.
85.0,20003.0,Front-right,145.08,-41.04,140.57,-39.43,-7.78,-0.07,-0.32,-1.24,18.06,inf,Obstacle is driving toward the ego car longitudinally. Obstacle is moving away laterally to the right.
85.0,20007.0,Front-right,138.36,-39.08,133.85,-37.47,-8.02,-0.0,0.0,-0.03,16.68,inf,Obstacle is driving toward the ego car longitudinally. No lateral relative motion.
85.0,20013.0,Front-right,131.71,-36.96,127.2,-35.35,-8.02,-0.0,0.0,-0.03,15.86,inf,Obstacle is driving toward the ego car longitudinally. No lateral relative motion.
85.0,20017.0,Front-right,125.09,-34.76,120.58,-33.15,-8.02,-0.0,0.0,-0.03,15.03,inf,Obstacle is driving toward the ego car longitudinally. No lateral relative motion.
85.0,20019.0,Front-right,118.5,-32.45,113.99,-30.84,-8.02,-0.0,0.0,-0.03,14.21,inf,Obstacle is driving toward the ego car longitudinally. No lateral relative motion.
85.0,20021.0,Front-right,111.93,-30.11,107.42,-28.5,-8.02,-0.0,0.0,-0.03,13.39,inf,Obstacle is driving toward the ego car longitudinally. No lateral relative motion.
85.0,20025.0,Front-right,105.38,-27.67,100.87,-26.06,-8.02,-0.0,0.0,-0.03,12.57,inf,Obstacle is driving toward the ego car longitudinally. No lateral relative motion.
85.0,20035.0,Front-right,98.84,-25.24,94.33,-23.63,-8.02,-0.0,0.0,-0.03,11.76,inf,Obstacle is driving toward the ego car longitudinally. No lateral relative motion.
85.0,20039.0,Front-right,92.3,-22.81,87.79,-21.2,-8.02,-0.0,0.0,-0.03,10.94,inf,Obstacle is driving toward the ego car longitudinally. No lateral relative motion.
85.0,20044.0,Rear-right,-51.47,-10.14,-46.96,-8.53,-19.93,-8.3,-0.02,-0.01,inf,inf,Obstacle is moving away longitudinally. Obstacle is moving away laterally to the right.
85.0,20045.0,Front-right,157.21,-57.3,152.7,-55.69,-8.02,0.0,0.0,-0.03,19.03,inf,Obstacle is driving toward the ego car longitudinally. No lateral relative motion.
85.0,20047.0,Front-right,155.5,-64.08,151.0,-62.47,-8.02,0.0,0.0,-0.03,18.82,inf,Obstacle is driving toward the ego car longitudinally. No lateral relative motion.
85.0,20049.0,Front-right,152.37,-76.53,147.87,-74.92,-8.02,0.0,0.0,-0.03,18.43,inf,Obstacle is driving toward the ego car longitudinally. No lateral relative motion.
85.0,20050.0,Front-right,150.2,-85.19,145.69,-83.58,-8.02,0.0,0.0,-0.03,18.16,inf,Obstacle is driving toward the ego car longitudinally. No lateral relative motion.
85.0,20051.0,Front-right,148.49,-91.97,143.99,-90.36,-8.02,0.0,0.0,-0.03,17.95,inf,Obstacle is driving toward the ego car longitudinally. No lateral relative motion.
85.0,20052.0,Front-right,146.79,-98.75,142.28,-97.14,-8.02,0.0,0.0,-0.03,17.73,inf,Obstacle is driving toward the ego car longitudinally. No lateral relative motion.
85.0,20053.0,Front-right,145.09,-105.53,140.58,-103.92,-8.02,0.0,0.0,-0.03,17.52,inf,Obstacle is driving toward the ego car longitudinally. No lateral relative motion.
85.0,20054.0,Front-right,80.27,-18.33,75.76,-16.72,-8.02,-0.0,0.0,-0.03,9.44,inf,Obstacle is driving toward the ego car longitudinally. No lateral relative motion.
85.0,20055.0,Front-right,141.95,-118.0,137.44,-116.39,-8.02,0.0,0.0,-0.03,17.13,inf,Obstacle is driving toward the ego car longitudinally. No lateral relative motion.
85.0,20056.0,Front-right,139.77,-126.68,135.26,-125.07,-8.02,0.0,0.0,-0.03,16.86,inf,Obstacle is driving toward the ego car longitudinally. No lateral relative motion.
85.0,20057.0,Front-right,160.9,-28.99,156.39,-27.38,-8.02,-0.0,0.0,-0.03,19.49,inf,Obstacle is driving toward the ego car longitudinally. No lateral relative motion.
85.0,20058.0,Front-right,138.06,-133.48,133.55,-131.87,-8.02,0.0,0.0,-0.03,16.65,inf,Obstacle is driving toward the ego car longitudinally. No lateral relative motion.
85.0,20059.0,Front-right,71.74,-15.25,67.23,-13.64,-7.66,-0.13,0.2,0.56,8.78,inf,Obstacle is driving toward the ego car longitudinally. Obstacle is moving away laterally to the right.
85.0,20060.0,Front-right,162.73,-22.25,158.23,-20.64,-8.02,-0.0,0.0,-0.03,19.72,inf,Obstacle is driving toward the ego car longitudinally. No lateral relative motion.
85.0,20061.0,Front-right,136.32,-140.39,131.82,-138.78,-7.95,0.3,-0.46,0.07,16.59,457.77,Obstacle is driving toward the ego car longitudinally. Obstacle is driving toward the ego car laterally from the right.
85.0,20062.0,Front-right,63.66,-12.46,59.15,-10.85,-6.21,-0.63,0.42,1.26,9.53,inf,Obstacle is driving toward the ego car longitudinally. Obstacle is moving away laterally to the right.
85.0,20063.0,Front-right,52.76,-9.01,48.25,-7.4,-3.91,-1.28,0.53,1.76,12.34,inf,Obstacle is driving toward the ego car longitudinally. Obstacle is moving away laterally to the right.
85.0,20064.0,Front-right,134.35,-148.25,129.84,-146.64,-7.77,1.02,-0.35,0.05,16.72,143.07,Obstacle is driving toward the ego car longitudinally. Obstacle is driving toward the ego car laterally from the right.
85.0,20066.0,Front-right,132.31,-156.35,127.81,-154.74,-7.73,1.18,-0.23,0.02,16.54,131.41,Obstacle is driving toward the ego car longitudinally. Obstacle is driving toward the ego car laterally from the right.
86.0,20003.0,Front-right,144.78,-39.33,140.27,-37.72,-7.65,-0.1,-0.32,-1.24,18.33,inf,Obstacle is driving toward the ego car longitudinally. Obstacle is moving away laterally to the right.
86.0,20007.0,Front-right,138.01,-37.45,133.5,-35.84,-8.02,-0.0,0.0,-0.03,16.65,inf,Obstacle is driving toward the ego car longitudinally. No lateral relative motion.
86.0,20013.0,Front-right,131.34,-35.4,126.83,-33.79,-8.02,-0.0,0.0,-0.03,15.82,inf,Obstacle is driving toward the ego car longitudinally. No lateral relative motion.
86.0,20017.0,Front-right,124.69,-33.28,120.18,-31.67,-8.02,-0.0,0.0,-0.03,14.99,inf,Obstacle is driving toward the ego car longitudinally. No lateral relative motion.
86.0,20019.0,Front-right,118.07,-31.05,113.57,-29.44,-8.02,-0.0,0.0,-0.03,14.17,inf,Obstacle is driving toward the ego car longitudinally. No lateral relative motion.
86.0,20021.0,Front-right,111.47,-28.78,106.96,-27.17,-8.02,-0.0,0.0,-0.03,13.34,inf,Obstacle is driving toward the ego car longitudinally. No lateral relative motion.
86.0,20025.0,Front-right,104.9,-26.43,100.39,-24.82,-8.02,-0.0,0.0,-0.03,12.52,inf,Obstacle is driving toward the ego car longitudinally. No lateral relative motion.
86.0,20035.0,Front-right,98.33,-24.07,93.82,-22.46,-8.02,-0.0,0.0,-0.03,11.7,inf,Obstacle is driving toward the ego car longitudinally. No lateral relative motion.
86.0,20039.0,Front-right,91.76,-21.72,87.25,-20.11,-8.02,-0.0,0.0,-0.03,10.89,inf,Obstacle is driving toward the ego car longitudinally. No lateral relative motion.
86.0,20044.0,Rear-right,-53.33,-11.59,-48.82,-9.98,-19.83,-8.44,-0.02,-0.01,inf,inf,Obstacle is moving away longitudinally. Obstacle is moving away laterally to the right.
86.0,20045.0,Front-right,157.07,-55.44,152.56,-53.83,-8.02,0.0,0.0,-0.03,19.03,inf,Obstacle is driving toward the ego car longitudinally. No lateral relative motion.
86.0,20047.0,Front-right,155.45,-62.23,150.94,-60.62,-8.02,0.0,0.0,-0.03,18.83,inf,Obstacle is driving toward the ego car longitudinally. No lateral relative motion.
86.0,20049.0,Front-right,152.47,-74.72,147.96,-73.11,-8.02,0.0,0.0,-0.03,18.46,inf,Obstacle is driving toward the ego car longitudinally. No lateral relative motion.
86.0,20050.0,Front-right,150.39,-83.41,145.88,-81.8,-8.02,0.0,0.0,-0.03,18.2,inf,Obstacle is driving toward the ego car longitudinally. No lateral relative motion.
86.0,20051.0,Front-right,148.77,-90.21,144.26,-88.6,-8.02,0.0,0.0,-0.03,18.0,inf,Obstacle is driving toward the ego car longitudinally. No lateral relative motion.
86.0,20052.0,Front-right,147.14,-97.01,142.64,-95.4,-8.02,0.0,0.0,-0.03,17.79,inf,Obstacle is driving toward the ego car longitudinally. No lateral relative motion.
86.0,20053.0,Front-right,145.52,-103.81,141.01,-102.2,-8.02,0.0,0.0,-0.03,17.59,inf,Obstacle is driving toward the ego car longitudinally. No lateral relative motion.
86.0,20054.0,Front-right,79.68,-17.38,75.17,-15.77,-8.02,-0.0,0.0,-0.03,9.38,inf,Obstacle is driving toward the ego car longitudinally. No lateral relative motion.
86.0,20055.0,Front-right,142.53,-116.31,138.03,-114.7,-8.02,0.0,0.0,-0.03,17.22,inf,Obstacle is driving toward the ego car longitudinally. No lateral relative motion.
86.0,20056.0,Front-right,140.45,-125.02,135.95,-123.41,-8.02,0.0,0.0,-0.03,16.96,inf,Obstacle is driving toward the ego car longitudinally. No lateral relative motion.
86.0,20057.0,Front-right,160.43,-27.08,155.92,-25.47,-8.02,-0.0,0.0,-0.03,19.45,inf,Obstacle is driving toward the ego car longitudinally. No lateral relative motion.
86.0,20058.0,Front-right,138.83,-131.84,134.32,-130.23,-8.02,0.0,0.0,-0.03,16.76,inf,Obstacle is driving toward the ego car longitudinally. No lateral relative motion.
86.0,20059.0,Front-right,71.15,-14.41,66.64,-12.8,-7.71,-0.1,0.2,0.57,8.65,inf,Obstacle is driving toward the ego car longitudinally. Obstacle is moving away laterally to the right.
86.0,20060.0,Front-right,162.18,-20.33,157.67,-18.72,-8.02,-0.0,0.0,-0.03,19.67,inf,Obstacle is driving toward the ego car longitudinally. No lateral relative motion.
86.0,20061.0,Front-right,137.18,-138.75,132.67,-137.14,-7.95,0.26,-0.47,0.08,16.68,532.44,Obstacle is driving toward the ego car longitudinally. Obstacle is driving toward the ego car laterally from the right.
86.0,20062.0,Front-right,63.17,-11.76,58.66,-10.15,-6.32,-0.56,0.42,1.26,9.28,inf,Obstacle is driving toward the ego car longitudinally. Obstacle is moving away laterally to the right.
86.0,20063.0,Front-right,52.46,-8.5,47.95,-6.89,-4.07,-1.18,0.52,1.77,11.79,inf,Obstacle is driving toward the ego car longitudinally. Obstacle is moving away laterally to the right.
86.0,20064.0,Front-right,135.31,-146.55,130.8,-144.94,-7.78,0.99,-0.35,0.05,16.82,146.05,Obstacle is driving toward the ego car longitudinally. Obstacle is driving toward the ego car laterally from the right.
86.0,20066.0,Front-right,133.38,-154.65,128.87,-153.04,-7.74,1.16,-0.23,0.02,16.65,132.16,Obstacle is driving toward the ego car longitudinally. Obstacle is driving toward the ego car laterally from the right.
87.0,20003.0,Front-right,144.58,-37.23,140.07,-35.62,-7.52,-0.12,-0.32,-1.27,18.62,inf,Obstacle is driving toward the ego car longitudinally. Obstacle is moving away laterally to the right.
87.0,20007.0,Front-right,137.74,-35.43,133.23,-33.82,-8.01,-0.0,-0.0,-0.06,16.64,inf,Obstacle is driving toward the ego car longitudinally. No lateral relative motion.
87.0,20013.0,Front-right,131.04,-33.49,126.53,-31.88,-8.01,-0.0,-0.0,-0.06,15.8,inf,Obstacle is driving toward the ego car longitudinally. No lateral relative motion.
87.0,20017.0,Front-right,124.36,-31.46,119.85,-29.85,-8.01,-0.0,-0.0,-0.06,14.96,inf,Obstacle is driving toward the ego car longitudinally. No lateral relative motion.
87.0,20019.0,Front-right,117.71,-29.32,113.2,-27.71,-8.01,-0.0,-0.0,-0.06,14.14,inf,Obstacle is driving toward the ego car longitudinally. No lateral relative motion.
87.0,20021.0,Front-right,111.08,-27.15,106.57,-25.54,-8.01,-0.0,-0.0,-0.06,13.31,inf,Obstacle is driving toward the ego car longitudinally. No lateral relative motion.
87.0,20025.0,Front-right,104.47,-24.89,99.96,-23.28,-8.01,-0.0,-0.0,-0.06,12.48,inf,Obstacle is driving toward the ego car longitudinally. No lateral relative motion.
87.0,20035.0,Front-right,97.87,-22.63,93.36,-21.02,-8.01,-0.0,-0.0,-0.06,11.66,inf,Obstacle is driving toward the ego car longitudinally. No lateral relative motion.
87.0,20039.0,Front-right,91.27,-20.37,86.76,-18.76,-8.01,-0.0,-0.0,-0.06,10.83,inf,Obstacle is driving toward the ego car longitudinally. No lateral relative motion.
87.0,20044.0,Rear-right,-55.11,-13.25,-50.61,-11.64,-19.2,-9.24,-0.02,-0.04,inf,inf,Obstacle is moving away longitudinally. Obstacle is moving away laterally to the right.
87.0,20045.0,Front-right,157.06,-53.15,152.55,-51.54,-8.01,0.0,-0.0,-0.06,19.05,inf,Obstacle is driving toward the ego car longitudinally. No lateral relative motion.
87.0,20047.0,Front-right,155.54,-59.96,151.03,-58.35,-8.01,0.0,-0.0,-0.06,18.86,inf,Obstacle is driving toward the ego car longitudinally. No lateral relative motion.
87.0,20049.0,Front-right,152.74,-72.49,148.23,-70.88,-8.01,0.0,-0.0,-0.06,18.51,inf,Obstacle is driving toward the ego car longitudinally. No lateral relative motion.
87.0,20050.0,Front-right,150.79,-81.21,146.28,-79.6,-8.01,0.0,-0.0,-0.06,18.27,inf,Obstacle is driving toward the ego car longitudinally. No lateral relative motion.
87.0,20051.0,Front-right,149.26,-88.03,144.76,-86.42,-8.01,0.0,-0.0,-0.06,18.07,inf,Obstacle is driving toward the ego car longitudinally. No lateral relative motion.
87.0,20052.0,Front-right,147.74,-94.85,143.23,-93.24,-8.01,0.0,-0.0,-0.06,17.88,inf,Obstacle is driving toward the ego car longitudinally. No lateral relative motion.
87.0,20053.0,Front-right,146.22,-101.68,141.71,-100.07,-8.01,0.0,-0.0,-0.06,17.69,inf,Obstacle is driving toward the ego car longitudinally. No lateral relative motion.
87.0,20054.0,Front-right,79.12,-16.22,74.61,-14.61,-8.01,-0.0,-0.0,-0.06,9.32,inf,Obstacle is driving toward the ego car longitudinally. No lateral relative motion.
87.0,20055.0,Front-right,143.41,-114.22,138.9,-112.61,-8.01,0.0,-0.0,-0.06,17.34,inf,Obstacle is driving toward the ego car longitudinally. No lateral relative motion.
87.0,20056.0,Front-right,141.46,-122.96,136.95,-121.35,-8.01,0.0,-0.0,-0.06,17.1,inf,Obstacle is driving toward the ego car longitudinally. No lateral relative motion.
87.0,20057.0,Front-right,160.0,-24.74,155.49,-23.13,-8.01,-0.0,-0.0,-0.06,19.42,inf,Obstacle is driving toward the ego car longitudinally. No lateral relative motion.
87.0,20058.0,Front-right,139.93,-129.8,135.42,-128.19,-8.01,0.0,-0.0,-0.06,16.91,inf,Obstacle is driving toward the ego car longitudinally. No lateral relative motion.
87.0,20059.0,Front-right,70.58,-13.38,66.07,-11.77,-7.76,-0.08,0.19,0.54,8.51,inf,Obstacle is driving toward the ego car longitudinally. Obstacle is moving away laterally to the right.
87.0,20060.0,Front-right,161.66,-17.96,157.15,-16.35,-8.01,-0.0,-0.0,-0.06,19.62,inf,Obstacle is driving toward the ego car longitudinally. No lateral relative motion.
87.0,20061.0,Front-right,138.39,-136.71,133.88,-135.1,-7.96,0.21,-0.47,0.05,16.82,637.62,Obstacle is driving toward the ego car longitudinally. Obstacle is driving toward the ego car laterally from the right.
87.0,20062.0,Front-right,62.7,-10.89,58.19,-9.28,-6.44,-0.5,0.42,1.24,9.04,inf,Obstacle is driving toward the ego car longitudinally. Obstacle is moving away laterally to the right.
87.0,20063.0,Front-right,52.16,-7.85,47.65,-6.24,-4.22,-1.07,0.52,1.74,11.28,inf,Obstacle is driving toward the ego car longitudinally. Obstacle is moving away laterally to the right.
87.0,20064.0,Front-right,136.66,-144.46,132.15,-142.85,-7.79,0.96,-0.36,0.03,16.95,148.77,Obstacle is driving toward the ego car longitudinally. Obstacle is driving toward the ego car laterally from the right.
87.0,20066.0,Front-right,134.84,-152.58,130.33,-150.97,-7.75,1.14,-0.23,-0.0,16.81,132.54,Obstacle is driving toward the ego car longitudinally. Obstacle is driving toward the ego car laterally from the right.
88.0,20003.0,Front-right,144.15,-35.99,139.64,-34.38,-7.39,-0.15,-0.32,-1.3,18.9,inf,Obstacle is driving toward the ego car longitudinally. Obstacle is moving away laterally to the right.
88.0,20007.0,Front-right,137.24,-34.24,132.73,-32.63,-7.99,-0.0,-0.0,-0.09,16.6,inf,Obstacle is driving toward the ego car longitudinally. No lateral relative motion.
88.0,20013.0,Front-right,130.52,-32.35,126.01,-30.74,-7.99,-0.0,-0.0,-0.09,15.76,inf,Obstacle is driving toward the ego car longitudinally. No lateral relative motion.
88.0,20017.0,Front-right,123.82,-30.39,119.31,-28.78,-7.99,-0.0,-0.0,-0.09,14.92,inf,Obstacle is driving toward the ego car longitudinally. No lateral relative motion.
88.0,20019.0,Front-right,117.16,-28.31,112.65,-26.7,-7.99,-0.0,-0.0,-0.09,14.09,inf,Obstacle is driving toward the ego car longitudinally. No lateral relative motion.
88.0,20021.0,Front-right,110.5,-26.2,106.0,-24.59,-7.99,-0.0,-0.0,-0.09,13.26,inf,Obstacle is driving toward the ego car longitudinally. No lateral relative motion.
88.0,20025.0,Front-right,103.88,-23.99,99.37,-22.38,-7.99,-0.0,-0.0,-0.09,12.43,inf,Obstacle is driving toward the ego car longitudinally. No lateral relative motion.
88.0,20035.0,Front-right,97.26,-21.79,92.75,-20.18,-7.99,-0.0,-0.0,-0.09,11.6,inf,Obstacle is driving toward the ego car longitudinally. No lateral relative motion.
88.0,20039.0,Front-right,90.64,-19.59,86.13,-17.98,-7.99,-0.0,-0.0,-0.09,10.77,inf,Obstacle is driving toward the ego car longitudinally. No lateral relative motion.
88.0,20044.0,Rear-right,-56.91,-14.66,-52.41,-13.05,-19.11,-9.34,-0.02,-0.07,inf,inf,Obstacle is moving away longitudinally. Obstacle is moving away laterally to the right.
88.0,20045.0,Front-right,156.71,-51.79,152.2,-50.18,-7.99,0.0,-0.0,-0.09,19.04,inf,Obstacle is driving toward the ego car longitudinally. No lateral relative motion.
88.0,20047.0,Front-right,155.25,-58.62,150.74,-57.01,-7.99,0.0,-0.0,-0.09,18.86,inf,Obstacle is driving toward the ego car longitudinally. No lateral relative motion.
88.0,20049.0,Front-right,152.55,-71.17,148.05,-69.56,-7.99,0.0,-0.0,-0.09,18.52,inf,Obstacle is driving toward the ego car longitudinally. No lateral relative motion.
88.0,20050.0,Front-right,150.68,-79.91,146.17,-78.3,-7.99,0.0,-0.0,-0.09,18.28,inf,Obstacle is driving toward the ego car longitudinally. No lateral relative motion.
88.0,20051.0,Front-right,149.22,-86.74,144.71,-85.13,-7.99,0.0,-0.0,-0.09,18.1,inf,Obstacle is driving toward the ego car longitudinally. No lateral relative motion.
88.0,20052.0,Front-right,147.75,-93.57,143.24,-91.96,-7.99,0.0,-0.0,-0.09,17.92,inf,Obstacle is driving toward the ego car longitudinally. No lateral relative motion.
88.0,20053.0,Front-right,146.29,-100.41,141.78,-98.8,-7.99,0.0,-0.0,-0.09,17.73,inf,Obstacle is driving toward the ego car longitudinally. No lateral relative motion.
88.0,20054.0,Front-right,78.46,-15.54,73.95,-13.93,-7.99,-0.0,-0.0,-0.09,9.25,inf,Obstacle is driving toward the ego car longitudinally. No lateral relative motion.
88.0,20055.0,Front-right,143.59,-112.98,139.08,-111.37,-7.99,0.0,-0.0,-0.09,17.4,inf,Obstacle is driving toward the ego car longitudinally. No lateral relative motion.
88.0,20056.0,Front-right,141.71,-121.74,137.2,-120.13,-7.99,0.0,-0.0,-0.09,17.16,inf,Obstacle is driving toward the ego car longitudinally. No lateral relative motion.
88.0,20057.0,Front-right,159.41,-23.36,154.9,-21.75,-7.99,-0.0,-0.0,-0.09,19.38,inf,Obstacle is driving toward the ego car longitudinally. No lateral relative motion.
88.0,20058.0,Front-right,140.24,-128.59,135.74,-126.98,-7.99,0.0,-0.0,-0.09,16.98,inf,Obstacle is driving toward the ego car longitudinally. No lateral relative motion.
88.0,20059.0,Front-right,69.91,-12.78,65.4,-11.17,-7.8,-0.06,0.19,0.5,8.38,inf,Obstacle is driving toward the ego car longitudinally. Obstacle is moving away laterally to the right.
88.0,20060.0,Front-right,161.01,-16.57,156.5,-14.96,-7.99,-0.0,-0.0,-0.09,19.58,inf,Obstacle is driving toward the ego car longitudinally. No lateral relative motion.
88.0,20061.0,Front-right,138.76,-135.49,134.26,-133.88,-7.96,0.17,-0.47,0.01,16.87,808.75,Obstacle is driving toward the ego car longitudinally. Obstacle is driving toward the ego car laterally from the right.
88.0,20062.0,Front-right,62.14,-10.4,57.63,-8.79,-6.55,-0.44,0.42,1.2,8.8,inf,Obstacle is driving toward the ego car longitudinally. Obstacle is moving away laterally to the right.
88.0,20063.0,Front-right,51.8,-7.5,47.29,-5.89,-4.38,-0.99,0.52,1.7,10.79,inf,Obstacle is driving toward the ego car longitudinally. Obstacle is moving away laterally to the right.
88.0,20064.0,Front-right,137.11,-143.19,132.61,-141.58,-7.8,0.93,-0.36,-0.01,17.01,152.83,Obstacle is driving toward the ego car longitudinally. Obstacle is driving toward the ego car laterally from the right.
88.0,20066.0,Front-right,135.37,-151.3,130.87,-149.69,-7.75,1.12,-0.23,-0.04,16.88,133.86,Obstacle is driving toward the ego car longitudinally. Obstacle is driving toward the ego car laterally from the right.
89.0,20003.0,Front-right,143.61,-35.23,139.1,-33.62,-7.24,-0.17,-0.32,-1.33,19.2,inf,Obstacle is driving toward the ego car longitudinally. Obstacle is moving away laterally to the right.
89.0,20007.0,Front-right,136.62,-33.5,132.11,-31.89,-7.97,-0.0,-0.0,-0.13,16.57,inf,Obstacle is driving toward the ego car longitudinally. No lateral relative motion.
89.0,20013.0,Front-right,129.89,-31.65,125.38,-30.04,-7.97,-0.0,-0.0,-0.13,15.73,inf,Obstacle is driving toward the ego car longitudinally. No lateral relative motion.
89.0,20017.0,Front-right,123.18,-29.72,118.68,-28.11,-7.97,-0.0,-0.0,-0.13,14.88,inf,Obstacle is driving toward the ego car longitudinally. No lateral relative motion.
89.0,20019.0,Front-right,116.51,-27.67,112.0,-26.06,-7.97,-0.0,-0.0,-0.13,14.05,inf,Obstacle is driving toward the ego car longitudinally. No lateral relative motion.
89.0,20021.0,Front-right,109.84,-25.6,105.34,-23.99,-7.97,-0.0,-0.0,-0.13,13.21,inf,Obstacle is driving toward the ego car longitudinally. No lateral relative motion.
89.0,20025.0,Front-right,103.21,-23.43,98.7,-21.82,-7.97,-0.0,-0.0,-0.13,12.38,inf,Obstacle is driving toward the ego car longitudinally. No lateral relative motion.
89.0,20035.0,Front-right,96.57,-21.26,92.07,-19.65,-7.97,-0.0,-0.0,-0.13,11.55,inf,Obstacle is driving toward the ego car longitudinally. No lateral relative motion.
89.0,20039.0,Front-right,89.94,-19.1,85.43,-17.49,-7.97,-0.0,-0.0,-0.13,10.71,inf,Obstacle is driving toward the ego car longitudinally. No lateral relative motion.
89.0,20044.0,Rear-right,-58.74,-15.91,-54.24,-14.3,-19.04,-9.4,-0.02,-0.11,inf,inf,Obstacle is moving away longitudinally. Obstacle is moving away laterally to the right.
89.0,20045.0,Front-right,156.19,-50.94,151.68,-49.33,-7.97,0.0,-0.0,-0.13,19.02,inf,Obstacle is driving toward the ego car longitudinally. No lateral relative motion.
89.0,20047.0,Front-right,154.76,-57.78,150.25,-56.17,-7.97,0.0,-0.0,-0.13,18.84,inf,Obstacle is driving toward the ego car longitudinally. No lateral relative motion.
89.0,20049.0,Front-right,152.14,-70.35,147.63,-68.74,-7.97,0.0,-0.0,-0.13,18.52,inf,Obstacle is driving toward the ego car longitudinally. No lateral relative motion.
89.0,20050.0,Front-right,150.31,-79.09,145.8,-77.48,-7.97,0.0,-0.0,-0.13,18.29,inf,Obstacle is driving toward the ego car longitudinally. No lateral relative motion.
89.0,20051.0,Front-right,148.88,-85.93,144.37,-84.32,-7.97,0.0,-0.0,-0.13,18.11,inf,Obstacle is driving toward the ego car longitudinally. No lateral relative motion.
89.0,20052.0,Front-right,147.45,-92.77,142.95,-91.16,-7.97,0.0,-0.0,-0.13,17.93,inf,Obstacle is driving toward the ego car longitudinally. No lateral relative motion.
89.0,20053.0,Front-right,146.03,-99.62,141.52,-98.01,-7.97,0.0,-0.0,-0.13,17.75,inf,Obstacle is driving toward the ego car longitudinally. No lateral relative motion.
89.0,20054.0,Front-right,77.74,-15.11,73.23,-13.5,-7.97,-0.0,-0.0,-0.13,9.18,inf,Obstacle is driving toward the ego car longitudinally. No lateral relative motion.
89.0,20055.0,Front-right,143.4,-112.2,138.89,-110.59,-7.97,0.0,-0.0,-0.13,17.42,inf,Obstacle is driving toward the ego car longitudinally. No lateral relative motion.
89.0,20056.0,Front-right,141.57,-120.97,137.06,-119.36,-7.97,0.0,-0.0,-0.13,17.19,inf,Obstacle is driving toward the ego car longitudinally. No lateral relative motion.
89.0,20057.0,Front-right,158.73,-22.5,154.22,-20.89,-7.97,-0.0,-0.0,-0.13,19.34,inf,Obstacle is driving toward the ego car longitudinally. No lateral relative motion.
89.0,20058.0,Front-right,140.14,-127.83,135.63,-126.22,-7.97,0.0,-0.0,-0.13,17.01,inf,Obstacle is driving toward the ego car longitudinally. No lateral relative motion.
89.0,20059.0,Front-right,69.2,-12.41,64.69,-10.8,-7.82,-0.05,0.12,0.25,8.27,inf,Obstacle is driving toward the ego car longitudinally. Obstacle is moving away laterally to the right.
89.0,20060.0,Front-right,160.29,-15.7,155.79,-14.09,-7.97,-0.0,-0.0,-0.13,19.54,inf,Obstacle is driving toward the ego car longitudinally. No lateral relative motion.
89.0,20061.0,Front-right,138.7,-134.72,134.19,-133.11,-7.95,0.13,-0.31,-0.05,16.89,988.96,Obstacle is driving toward the ego car longitudinally. Obstacle is driving toward the ego car laterally from the right.
89.0,20062.0,Front-right,61.53,-10.11,57.03,-8.5,-6.63,-0.4,0.35,0.95,8.6,inf,Obstacle is driving toward the ego car longitudinally. Obstacle is moving away laterally to the right.
89.0,20063.0,Front-right,51.39,-7.31,46.88,-5.7,-4.52,-0.92,0.48,1.51,10.37,inf,Obstacle is driving toward the ego car longitudinally. Obstacle is moving away laterally to the right.
89.0,20064.0,Front-right,137.1,-142.35,132.6,-140.74,-7.79,0.88,-0.5,-0.01,17.02,160.37,Obstacle is driving toward the ego car longitudinally. Obstacle is driving toward the ego car laterally from the right.
89.0,20066.0,Front-right,135.41,-150.45,130.9,-148.84,-7.74,1.1,-0.21,-0.08,16.9,135.47,Obstacle is driving toward the ego car longitudinally. Obstacle is driving toward the ego car laterally from the right.
90.0,20003.0,Front-right,143.0,-34.77,138.5,-33.16,-7.11,-0.2,-0.32,-1.26,19.48,inf,Obstacle is driving toward the ego car longitudinally. Obstacle is moving away laterally to the right.
90.0,20007.0,Front-right,135.93,-33.05,131.42,-31.44,-7.96,-0.0,-0.0,-0.06,16.51,inf,Obstacle is driving toward the ego car longitudinally. No lateral relative motion.
90.0,20013.0,Front-right,129.2,-31.22,124.69,-29.61,-7.96,-0.0,-0.0,-0.06,15.66,inf,Obstacle is driving toward the ego car longitudinally. No lateral relative motion.
90.0,20017.0,Front-right,122.48,-29.31,117.98,-27.7,-7.96,-0.0,-0.0,-0.06,14.82,inf,Obstacle is driving toward the ego car longitudinally. No lateral relative motion.
90.0,20019.0,Front-right,115.8,-27.29,111.29,-25.68,-7.96,-0.0,-0.0,-0.06,13.98,inf,Obstacle is driving toward the ego car longitudinally. No lateral relative motion.
90.0,20021.0,Front-right,109.13,-25.23,104.62,-23.62,-7.96,-0.0,-0.0,-0.06,13.14,inf,Obstacle is driving toward the ego car longitudinally. No lateral relative motion.
90.0,20025.0,Front-right,102.49,-23.09,97.98,-21.48,-7.96,-0.0,-0.0,-0.06,12.31,inf,Obstacle is driving toward the ego car longitudinally. No lateral relative motion.
90.0,20035.0,Front-right,95.84,-20.94,91.34,-19.33,-7.96,-0.0,-0.0,-0.06,11.47,inf,Obstacle is driving toward the ego car longitudinally. No lateral relative motion.
90.0,20039.0,Front-right,89.21,-18.8,84.7,-17.19,-7.96,-0.0,-0.0,-0.06,10.64,inf,Obstacle is driving toward the ego car longitudinally. No lateral relative motion.
90.0,20044.0,Rear-right,-60.6,-17.05,-56.09,-15.44,-19.0,-9.44,-0.02,-0.04,inf,inf,Obstacle is moving away longitudinally. Obstacle is moving away laterally to the right.
90.0,20045.0,Front-right,155.56,-50.43,151.05,-48.82,-7.96,0.0,-0.0,-0.06,18.97,inf,Obstacle is driving toward the ego car longitudinally. No lateral relative motion.
90.0,20047.0,Front-right,154.15,-57.27,149.64,-55.66,-7.96,0.0,-0.0,-0.06,18.8,inf,Obstacle is driving toward the ego car longitudinally. No lateral relative motion.
90.0,20049.0,Front-right,151.57,-69.84,147.06,-68.23,-7.96,0.0,-0.0,-0.06,18.47,inf,Obstacle is driving toward the ego car longitudinally. No lateral relative motion.
90.0,20050.0,Front-right,149.77,-78.6,145.26,-76.99,-7.96,0.0,-0.0,-0.06,18.25,inf,Obstacle is driving toward the ego car longitudinally. No lateral relative motion.
90.0,20051.0,Front-right,148.37,-85.44,143.86,-83.83,-7.96,0.0,-0.0,-0.06,18.07,inf,Obstacle is driving toward the ego car longitudinally. No lateral relative motion.
90.0,20052.0,Front-right,146.96,-92.29,142.45,-90.68,-7.96,0.0,-0.0,-0.06,17.89,inf,Obstacle is driving toward the ego car longitudinally. No lateral relative motion.
90.0,20053.0,Front-right,145.56,-99.14,141.05,-97.53,-7.96,0.0,-0.0,-0.06,17.72,inf,Obstacle is driving toward the ego car longitudinally. No lateral relative motion.
90.0,20054.0,Front-right,76.99,-14.85,72.48,-13.24,-7.96,-0.0,-0.0,-0.06,9.1,inf,Obstacle is driving toward the ego car longitudinally. No lateral relative motion.
90.0,20055.0,Front-right,142.97,-111.73,138.46,-110.12,-7.96,0.0,-0.0,-0.06,17.39,inf,Obstacle is driving toward the ego car longitudinally. No lateral relative motion.
90.0,20056.0,Front-right,141.17,-120.5,136.66,-118.89,-7.96,0.0,-0.0,-0.06,17.16,inf,Obstacle is driving toward the ego car longitudinally. No lateral relative motion.
90.0,20057.0,Front-right,158.01,-21.98,153.5,-20.37,-7.96,-0.0,-0.0,-0.06,19.28,inf,Obstacle is driving toward the ego car longitudinally. No lateral relative motion.
90.0,20058.0,Front-right,139.76,-127.37,135.25,-125.76,-7.96,0.0,-0.0,-0.06,16.99,inf,Obstacle is driving toward the ego car longitudinally. No lateral relative motion.
90.0,20059.0,Front-right,68.45,-12.18,63.94,-10.57,-7.85,-0.03,0.12,0.32,8.15,inf,Obstacle is driving toward the ego car longitudinally. Obstacle is moving away laterally to the right.
90.0,20060.0,Front-right,159.55,-15.17,155.04,-13.56,-7.96,-0.0,-0.0,-0.06,19.47,inf,Obstacle is driving toward the ego car longitudinally. No lateral relative motion.
90.0,20061.0,Front-right,138.35,-134.25,133.84,-132.64,-7.94,0.1,-0.31,0.02,16.85,1281.06,Obstacle is driving toward the ego car longitudinally. Obstacle is driving toward the ego car laterally from the right.
90.0,20062.0,Front-right,60.9,-9.94,56.39,-8.33,-6.73,-0.37,0.35,1.02,8.38,inf,Obstacle is driving toward the ego car longitudinally. Obstacle is moving away laterally to the right.
90.0,20063.0,Front-right,50.95,-7.23,46.45,-5.62,-4.67,-0.87,0.48,1.58,9.94,inf,Obstacle is driving toward the ego car longitudinally. Obstacle is moving away laterally to the right.
90.0,20064.0,Front-right,136.79,-141.81,132.29,-140.2,-7.79,0.83,-0.5,0.06,16.98,169.26,Obstacle is driving toward the ego car longitudinally. Obstacle is driving toward the ego car laterally from the right.
90.0,20066.0,Front-right,135.13,-149.9,130.63,-148.29,-7.74,1.08,-0.21,-0.01,16.88,137.48,Obstacle is driving toward the ego car longitudinally. Obstacle is driving toward the ego car laterally from the right.
91.0,20003.0,Front-right,142.32,-34.72,137.81,-33.11,-6.98,-0.23,-0.32,-1.25,19.74,inf,Obstacle is driving toward the ego car longitudinally. Obstacle is moving away laterally to the right.
91.0,20007.0,Front-right,135.15,-32.97,130.65,-31.36,-7.95,-0.0,-0.0,-0.04,16.43,inf,Obstacle is driving toward the ego car longitudinally. No lateral relative motion.
91.0,20013.0,Front-right,128.42,-31.15,123.91,-29.54,-7.95,-0.0,-0.0,-0.04,15.58,inf,Obstacle is driving toward the ego car longitudinally. No lateral relative motion.
91.0,20017.0,Front-right,121.7,-29.24,117.19,-27.63,-7.95,-0.0,-0.0,-0.04,14.74,inf,Obstacle is driving toward the ego car longitudinally. No lateral relative motion.
91.0,20019.0,Front-right,115.02,-27.22,110.51,-25.61,-7.95,-0.0,-0.0,-0.04,13.9,inf,Obstacle is driving toward the ego car longitudinally. No lateral relative motion.
91.0,20021.0,Front-right,108.35,-25.17,103.84,-23.56,-7.95,-0.0,-0.0,-0.04,13.06,inf,Obstacle is driving toward the ego car longitudinally. No lateral relative motion.
91.0,20025.0,Front-right,101.7,-23.03,97.2,-21.42,-7.95,-0.0,-0.0,-0.04,12.22,inf,Obstacle is driving toward the ego car longitudinally. No lateral relative motion.
91.0,20035.0,Front-right,95.06,-20.89,90.55,-19.28,-7.95,-0.0,-0.0,-0.04,11.39,inf,Obstacle is driving toward the ego car longitudinally. No lateral relative motion.
91.0,20039.0,Front-right,88.42,-18.75,83.91,-17.14,-7.95,-0.0,-0.0,-0.04,10.55,inf,Obstacle is driving toward the ego car longitudinally. No lateral relative motion.
91.0,20044.0,Rear-right,-62.49,-18.03,-57.98,-16.42,-18.99,-9.45,-0.02,-0.02,inf,inf,Obstacle is moving away longitudinally. Obstacle is moving away laterally to the right.
91.0,20045.0,Front-right,154.79,-50.34,150.28,-48.73,-7.95,0.0,-0.0,-0.04,18.9,inf,Obstacle is driving toward the ego car longitudinally. No lateral relative motion.
91.0,20047.0,Front-right,153.39,-57.18,148.88,-55.57,-7.95,0.0,-0.0,-0.04,18.72,inf,Obstacle is driving toward the ego car longitudinally. No lateral relative motion.
91.0,20049.0,Front-right,150.81,-69.76,146.3,-68.15,-7.95,0.0,-0.0,-0.04,18.4,inf,Obstacle is driving toward the ego car longitudinally. No lateral relative motion.
91.0,20050.0,Front-right,149.02,-78.51,144.51,-76.9,-7.95,0.0,-0.0,-0.04,18.17,inf,Obstacle is driving toward the ego car longitudinally. No lateral relative motion.
91.0,20051.0,Front-right,147.62,-85.36,143.11,-83.75,-7.95,0.0,-0.0,-0.04,17.99,inf,Obstacle is driving toward the ego car longitudinally. No lateral relative motion.
91.0,20052.0,Front-right,146.22,-92.2,141.71,-90.59,-7.95,0.0,-0.0,-0.04,17.82,inf,Obstacle is driving toward the ego car longitudinally. No lateral relative motion.
91.0,20053.0,Front-right,144.81,-99.06,140.31,-97.45,-7.95,0.0,-0.0,-0.04,17.64,inf,Obstacle is driving toward the ego car longitudinally. No lateral relative motion.
91.0,20054.0,Front-right,76.2,-14.81,71.69,-13.2,-7.95,-0.0,-0.0,-0.04,9.01,inf,Obstacle is driving toward the ego car longitudinally. No lateral relative motion.
91.0,20055.0,Front-right,142.24,-111.65,137.73,-110.04,-7.95,0.0,-0.0,-0.04,17.32,inf,Obstacle is driving toward the ego car longitudinally. No lateral relative motion.
91.0,20056.0,Front-right,140.44,-120.42,135.93,-118.81,-7.95,0.0,-0.0,-0.04,17.09,inf,Obstacle is driving toward the ego car longitudinally. No lateral relative motion.
91.0,20057.0,Front-right,157.22,-21.89,152.71,-20.28,-7.95,-0.0,-0.0,-0.04,19.2,inf,Obstacle is driving toward the ego car longitudinally. No lateral relative motion.
91.0,20058.0,Front-right,139.03,-127.29,134.53,-125.68,-7.95,0.0,-0.0,-0.04,16.92,inf,Obstacle is driving toward the ego car longitudinally. No lateral relative motion.
91.0,20059.0,Front-right,67.67,-12.15,63.16,-10.54,-7.88,-0.02,0.12,0.33,8.02,inf,Obstacle is driving toward the ego car longitudinally. Obstacle is moving away laterally to the right.
91.0,20060.0,Front-right,158.76,-15.08,154.25,-13.47,-7.95,-0.0,-0.0,-0.04,19.4,inf,Obstacle is driving toward the ego car longitudinally. No lateral relative motion.
91.0,20061.0,Front-right,137.63,-134.17,133.12,-132.56,-7.94,0.07,-0.31,0.03,16.77,1830.92,Obstacle is driving toward the ego car longitudinally. Obstacle is driving toward the ego car laterally from the right.
91.0,20062.0,Front-right,60.22,-9.94,55.72,-8.33,-6.83,-0.33,0.35,1.03,8.16,inf,Obstacle is driving toward the ego car longitudinally. Obstacle is moving away laterally to the right.
91.0,20063.0,Front-right,50.48,-7.29,45.97,-5.68,-4.83,-0.82,0.48,1.6,9.53,inf,Obstacle is driving toward the ego car longitudinally. Obstacle is moving away laterally to the right.
91.0,20064.0,Front-right,136.09,-141.66,131.58,-140.05,-7.79,0.78,-0.5,0.08,16.88,179.88,Obstacle is driving toward the ego car longitudinally. Obstacle is driving toward the ego car laterally from the right.
91.0,20066.0,Front-right,134.44,-149.71,129.93,-148.1,-7.74,1.06,-0.21,0.01,16.8,140.0,Obstacle is driving toward the ego car longitudinally. Obstacle is driving toward the ego car laterally from the right.
92.0,20003.0,Front-right,141.61,-34.79,137.11,-33.18,-6.85,-0.26,-0.32,-1.23,20.01,inf,Obstacle is driving toward the ego car longitudinally. Obstacle is moving away laterally to the right.
92.0,20007.0,Front-right,134.35,-33.02,129.84,-31.41,-7.95,-0.0,-0.0,-0.02,16.34,inf,Obstacle is driving toward the ego car longitudinally. No lateral relative motion.
92.0,20013.0,Front-right,127.61,-31.19,123.1,-29.58,-7.95,-0.0,-0.0,-0.02,15.49,inf,Obstacle is driving toward the ego car longitudinally. No lateral relative motion.
92.0,20017.0,Front-right,120.9,-29.28,116.39,-27.67,-7.95,-0.0,-0.0,-0.02,14.65,inf,Obstacle is driving toward the ego car longitudinally. No lateral relative motion.
92.0,20019.0,Front-right,114.22,-27.26,109.71,-25.65,-7.95,-0.0,-0.0,-0.02,13.8,inf,Obstacle is driving toward the ego car longitudinally. No lateral relative motion.
92.0,20021.0,Front-right,107.54,-25.21,103.03,-23.6,-7.95,-0.0,-0.0,-0.02,12.97,inf,Obstacle is driving toward the ego car longitudinally. No lateral relative motion.
92.0,20025.0,Front-right,100.9,-23.07,96.39,-21.46,-7.95,-0.0,-0.0,-0.02,12.13,inf,Obstacle is driving toward the ego car longitudinally. No lateral relative motion.
92.0,20035.0,Front-right,94.26,-20.92,89.75,-19.31,-7.95,-0.0,-0.0,-0.02,11.29,inf,Obstacle is driving toward the ego car longitudinally. No lateral relative motion.
92.0,20039.0,Front-right,87.62,-18.78,83.11,-17.17,-7.95,-0.0,-0.0,-0.02,10.46,inf,Obstacle is driving toward the ego car longitudinally. No lateral relative motion.
92.0,20044.0,Rear-right,-64.4,-18.96,-59.89,-17.35,-18.99,-9.45,-0.01,-0.0,inf,inf,Obstacle is moving away longitudinally. Obstacle is moving away laterally to the right.
92.0,20045.0,Front-right,153.97,-50.39,149.47,-48.78,-7.95,0.0,-0.0,-0.02,18.81,inf,Obstacle is driving toward the ego car longitudinally. No lateral relative motion.
92.0,20047.0,Front-right,152.57,-57.23,148.06,-55.62,-7.95,0.0,-0.0,-0.02,18.63,inf,Obstacle is driving toward the ego car longitudinally. No lateral relative motion.
92.0,20049.0,Front-right,149.99,-69.81,145.48,-68.2,-7.95,0.0,-0.0,-0.02,18.31,inf,Obstacle is driving toward the ego car longitudinally. No lateral relative motion.
92.0,20050.0,Front-right,148.2,-78.56,143.69,-76.95,-7.95,0.0,-0.0,-0.02,18.08,inf,Obstacle is driving toward the ego car longitudinally. No lateral relative motion.
92.0,20051.0,Front-right,146.79,-85.41,142.29,-83.8,-7.95,0.0,-0.0,-0.02,17.9,inf,Obstacle is driving toward the ego car longitudinally. No lateral relative motion.
92.0,20052.0,Front-right,145.39,-92.25,140.88,-90.64,-7.95,0.0,-0.0,-0.02,17.73,inf,Obstacle is driving toward the ego car longitudinally. No lateral relative motion.
92.0,20053.0,Front-right,143.98,-99.11,139.48,-97.5,-7.95,0.0,-0.0,-0.02,17.55,inf,Obstacle is driving toward the ego car longitudinally. No lateral relative motion.
92.0,20054.0,Front-right,75.4,-14.84,70.89,-13.23,-7.95,-0.0,-0.0,-0.02,8.92,inf,Obstacle is driving toward the ego car longitudinally. No lateral relative motion.
92.0,20055.0,Front-right,141.4,-111.7,136.89,-110.09,-7.95,0.0,-0.0,-0.02,17.23,inf,Obstacle is driving toward the ego car longitudinally. No lateral relative motion.
92.0,20056.0,Front-right,139.6,-120.47,135.09,-118.86,-7.95,0.0,-0.0,-0.02,17.0,inf,Obstacle is driving toward the ego car longitudinally. No lateral relative motion.
92.0,20057.0,Front-right,156.42,-21.94,151.91,-20.33,-7.95,-0.0,-0.0,-0.02,19.12,inf,Obstacle is driving toward the ego car longitudinally. No lateral relative motion.
92.0,20058.0,Front-right,138.19,-127.34,133.69,-125.73,-7.95,0.0,-0.0,-0.02,16.82,inf,Obstacle is driving toward the ego car longitudinally. No lateral relative motion.
92.0,20059.0,Front-right,66.88,-12.17,62.37,-10.56,-7.91,-0.01,0.12,0.35,7.89,inf,Obstacle is driving toward the ego car longitudinally. Obstacle is moving away laterally to the right.
92.0,20060.0,Front-right,157.96,-15.13,153.45,-13.52,-7.95,-0.0,-0.0,-0.02,19.31,inf,Obstacle is driving toward the ego car longitudinally. No lateral relative motion.
92.0,20061.0,Front-right,136.78,-134.21,132.28,-132.6,-7.94,0.04,-0.31,0.05,16.66,3215.13,Obstacle is driving toward the ego car longitudinally. Obstacle is driving toward the ego car laterally from the right.
92.0,20062.0,Front-right,59.53,-9.99,55.02,-8.38,-6.93,-0.3,0.35,1.05,7.94,inf,Obstacle is driving toward the ego car longitudinally. Obstacle is moving away laterally to the right.
92.0,20063.0,Front-right,49.99,-7.39,45.48,-5.78,-4.99,-0.78,0.48,1.62,9.12,inf,Obstacle is driving toward the ego car longitudinally. Obstacle is moving away laterally to the right.
92.0,20064.0,Front-right,135.26,-141.63,130.75,-140.02,-7.8,0.73,-0.5,0.09,16.77,192.16,Obstacle is driving toward the ego car longitudinally. Obstacle is driving toward the ego car laterally from the right.
92.0,20066.0,Front-right,133.62,-149.65,129.11,-148.04,-7.73,1.04,-0.21,0.03,16.69,142.76,Obstacle is driving toward the ego car longitudinally. Obstacle is driving toward the ego car laterally from the right.
93.0,20003.0,Front-right,141.04,-34.38,136.53,-32.77,-6.72,-0.28,-0.32,-1.25,20.3,inf,Obstacle is driving toward the ego car longitudinally. Obstacle is moving away laterally to the right.
93.0,20007.0,Front-right,133.65,-32.61,129.14,-31.0,-7.94,-0.0,-0.0,-0.04,16.26,inf,Obstacle is driving toward the ego car longitudinally. No lateral relative motion.
93.0,20013.0,Front-right,126.91,-30.8,122.4,-29.19,-7.94,-0.0,-0.0,-0.04,15.41,inf,Obstacle is driving toward the ego car longitudinally. No lateral relative motion.
93.0,20017.0,Front-right,120.19,-28.91,115.68,-27.3,-7.94,-0.0,-0.0,-0.04,14.57,inf,Obstacle is driving toward the ego car longitudinally. No lateral relative motion.
93.0,20019.0,Front-right,113.5,-26.91,108.99,-25.3,-7.94,-0.0,-0.0,-0.04,13.72,inf,Obstacle is driving toward the ego car longitudinally. No lateral relative motion.
93.0,20021.0,Front-right,106.82,-24.88,102.32,-23.27,-7.94,-0.0,-0.0,-0.04,12.88,inf,Obstacle is driving toward the ego car longitudinally. No lateral relative motion.
93.0,20025.0,Front-right,100.17,-22.76,95.67,-21.15,-7.94,-0.0,-0.0,-0.04,12.05,inf,Obstacle is driving toward the ego car longitudinally. No lateral relative motion.
93.0,20035.0,Front-right,93.52,-20.64,89.02,-19.03,-7.94,-0.0,-0.0,-0.04,11.21,inf,Obstacle is driving toward the ego car longitudinally. No lateral relative motion.
93.0,20039.0,Front-right,86.88,-18.51,82.37,-16.9,-7.94,-0.0,-0.0,-0.04,10.37,inf,Obstacle is driving toward the ego car longitudinally. No lateral relative motion.
93.0,20044.0,Rear-right,-66.22,-20.13,-61.71,-18.52,-18.67,-9.81,-0.02,-0.02,inf,inf,Obstacle is moving away longitudinally. Obstacle is moving away laterally to the right.
93.0,20045.0,Front-right,153.33,-49.92,148.82,-48.31,-7.94,0.0,-0.0,-0.04,18.74,inf,Obstacle is driving toward the ego car longitudinally. No lateral relative motion.
93.0,20047.0,Front-right,151.95,-56.77,147.44,-55.16,-7.94,0.0,-0.0,-0.04,18.56,inf,Obstacle is driving toward the ego car longitudinally. No lateral relative motion.
93.0,20049.0,Front-right,149.41,-69.35,144.9,-67.74,-7.94,0.0,-0.0,-0.04,18.24,inf,Obstacle is driving toward the ego car longitudinally. No lateral relative motion.
93.0,20050.0,Front-right,147.64,-78.11,143.13,-76.5,-7.94,0.0,-0.0,-0.04,18.02,inf,Obstacle is driving toward the ego car longitudinally. No lateral relative motion.
93.0,20051.0,Front-right,146.26,-84.96,141.75,-83.35,-7.94,0.0,-0.0,-0.04,17.85,inf,Obstacle is driving toward the ego car longitudinally. No lateral relative motion.
93.0,20052.0,Front-right,144.87,-91.81,140.37,-90.2,-7.94,0.0,-0.0,-0.04,17.67,inf,Obstacle is driving toward the ego car longitudinally. No lateral relative motion.
93.0,20053.0,Front-right,143.49,-98.67,138.98,-97.06,-7.94,0.0,-0.0,-0.04,17.5,inf,Obstacle is driving toward the ego car longitudinally. No lateral relative motion.
93.0,20054.0,Front-right,74.65,-14.61,70.14,-13.0,-7.94,-0.0,-0.0,-0.04,8.83,inf,Obstacle is driving toward the ego car longitudinally. No lateral relative motion.
93.0,20055.0,Front-right,140.95,-111.27,136.44,-109.66,-7.94,0.0,-0.0,-0.04,17.18,inf,Obstacle is driving toward the ego car longitudinally. No lateral relative motion.
93.0,20056.0,Front-right,139.17,-120.05,134.67,-118.44,-7.94,0.0,-0.0,-0.04,16.96,inf,Obstacle is driving toward the ego car longitudinally. No lateral relative motion.
93.0,20057.0,Front-right,155.69,-21.46,151.18,-19.85,-7.94,-0.0,-0.0,-0.04,19.04,inf,Obstacle is driving toward the ego car longitudinally. No lateral relative motion.
93.0,20058.0,Front-right,137.79,-126.91,133.28,-125.3,-7.94,0.0,-0.0,-0.04,16.78,inf,Obstacle is driving toward the ego car longitudinally. No lateral relative motion.
93.0,20059.0,Front-right,66.12,-11.97,61.61,-10.36,-7.94,-0.0,0.12,0.33,7.76,inf,Obstacle is driving toward the ego car longitudinally. Obstacle is moving away laterally to the right.
93.0,20060.0,Front-right,157.21,-14.65,152.7,-13.04,-7.94,-0.0,-0.0,-0.04,19.23,inf,Obstacle is driving toward the ego car longitudinally. No lateral relative motion.
93.0,20061.0,Front-right,136.4,-133.79,131.89,-132.18,-7.94,0.01,-0.31,0.04,16.61,13091.72,Obstacle is driving toward the ego car longitudinally. Obstacle is driving toward the ego car laterally from the right.
93.0,20062.0,Front-right,58.86,-9.84,54.36,-8.23,-7.03,-0.27,0.35,1.04,7.73,inf,Obstacle is driving toward the ego car longitudinally. Obstacle is moving away laterally to the right.
93.0,20063.0,Front-right,49.5,-7.31,45.0,-5.7,-5.14,-0.73,0.48,1.6,8.75,inf,Obstacle is driving toward the ego car longitudinally. Obstacle is moving away laterally to the right.
93.0,20064.0,Front-right,134.91,-141.14,130.41,-139.53,-7.8,0.68,-0.5,0.08,16.71,205.44,Obstacle is driving toward the ego car longitudinally. Obstacle is driving toward the ego car laterally from the right.
93.0,20066.0,Front-right,133.3,-149.14,128.79,-147.53,-7.74,1.02,-0.21,0.01,16.65,145.1,Obstacle is driving toward the ego car longitudinally. Obstacle is driving toward the ego car laterally from the right.
94.0,20003.0,Front-right,140.53,-33.75,136.02,-32.14,-6.59,-0.3,-0.32,-1.28,20.64,inf,Obstacle is driving toward the ego car longitudinally. Obstacle is moving away laterally to the right.
94.0,20007.0,Front-right,133.01,-31.98,128.5,-30.37,-7.9,-0.01,-0.08,-0.34,16.26,inf,Obstacle is driving toward the ego car longitudinally. Obstacle is moving away laterally to the right.
94.0,20013.0,Front-right,126.26,-30.21,121.75,-28.6,-7.93,-0.0,-0.0,-0.07,15.35,inf,Obstacle is driving toward the ego car longitudinally. No lateral relative motion.
94.0,20017.0,Front-right,119.53,-28.35,115.02,-26.74,-7.93,-0.0,-0.0,-0.07,14.5,inf,Obstacle is driving toward the ego car longitudinally. No lateral relative motion.
94.0,20019.0,Front-right,112.83,-26.38,108.32,-24.77,-7.93,-0.0,-0.0,-0.07,13.66,inf,Obstacle is driving toward the ego car longitudinally. No lateral relative motion.
94.0,20021.0,Front-right,106.14,-24.38,101.64,-22.77,-7.93,-0.0,-0.0,-0.07,12.82,inf,Obstacle is driving toward the ego car longitudinally. No lateral relative motion.
94.0,20025.0,Front-right,99.49,-22.29,94.98,-20.68,-7.93,-0.0,-0.0,-0.07,11.98,inf,Obstacle is driving toward the ego car longitudinally. No lateral relative motion.
94.0,20035.0,Front-right,92.83,-20.2,88.32,-18.59,-7.93,-0.0,-0.0,-0.07,11.14,inf,Obstacle is driving toward the ego car longitudinally. No lateral relative motion.
94.0,20039.0,Front-right,86.17,-18.11,81.66,-16.5,-7.93,-0.0,-0.0,-0.07,10.3,inf,Obstacle is driving toward the ego car longitudinally. No lateral relative motion.
94.0,20044.0,Rear-right,-67.99,-21.42,-63.48,-19.81,-18.61,-9.86,-0.02,-0.05,inf,inf,Obstacle is moving away longitudinally. Obstacle is moving away laterally to the right.
94.0,20045.0,Front-right,152.77,-49.21,148.26,-47.6,-7.93,0.0,-0.0,-0.07,18.69,inf,Obstacle is driving toward the ego car longitudinally. No lateral relative motion.
94.0,20047.0,Front-right,151.42,-56.06,146.91,-54.45,-7.93,0.0,-0.0,-0.07,18.52,inf,Obstacle is driving toward the ego car longitudinally. No lateral relative motion.
94.0,20049.0,Front-right,148.94,-68.65,144.43,-67.04,-7.93,0.0,-0.0,-0.07,18.21,inf,Obstacle is driving toward the ego car longitudinally. No lateral relative motion.
94.0,20050.0,Front-right,147.21,-77.42,142.7,-75.81,-7.93,0.0,-0.0,-0.07,17.99,inf,Obstacle is driving toward the ego car longitudinally. No lateral relative motion.
94.0,20051.0,Front-right,145.86,-84.28,141.35,-82.67,-7.93,0.0,-0.0,-0.07,17.82,inf,Obstacle is driving toward the ego car longitudinally. No lateral relative motion.
94.0,20052.0,Front-right,144.51,-91.13,140.0,-89.52,-7.93,0.0,-0.0,-0.07,17.65,inf,Obstacle is driving toward the ego car longitudinally. No lateral relative motion.
94.0,20053.0,Front-right,143.16,-97.99,138.65,-96.38,-7.93,0.0,-0.0,-0.07,17.48,inf,Obstacle is driving toward the ego car longitudinally. No lateral relative motion.
94.0,20054.0,Front-right,73.92,-14.26,69.42,-12.65,-7.93,-0.0,-0.0,-0.07,8.75,inf,Obstacle is driving toward the ego car longitudinally. No lateral relative motion.
94.0,20055.0,Front-right,140.67,-110.61,136.16,-109.0,-7.93,0.0,-0.0,-0.07,17.17,inf,Obstacle is driving toward the ego car longitudinally. No lateral relative motion.
94.0,20056.0,Front-right,138.94,-119.39,134.43,-117.78,-7.93,0.0,-0.0,-0.07,16.95,inf,Obstacle is driving toward the ego car longitudinally. No lateral relative motion.
94.0,20057.0,Front-right,154.99,-20.74,150.49,-19.13,-7.93,-0.0,-0.0,-0.07,18.98,inf,Obstacle is driving toward the ego car longitudinally. No lateral relative motion.
94.0,20058.0,Front-right,137.58,-126.27,133.08,-124.66,-7.93,0.0,-0.0,-0.07,16.78,inf,Obstacle is driving toward the ego car longitudinally. No lateral relative motion.
94.0,20059.0,Front-right,65.38,-11.66,60.87,-10.05,-7.93,-0.0,-0.0,-0.07,7.68,inf,Obstacle is driving toward the ego car longitudinally. No lateral relative motion.
94.0,20060.0,Front-right,156.48,-13.92,151.97,-12.31,-7.93,-0.0,-0.0,-0.07,19.16,inf,Obstacle is driving toward the ego car longitudinally. No lateral relative motion.
94.0,20061.0,Front-right,136.23,-133.15,131.72,-131.54,-7.93,0.0,-0.0,-0.07,16.61,inf,Obstacle is driving toward the ego car longitudinally. No lateral relative motion.
94.0,20062.0,Front-right,58.2,-9.59,53.69,-7.98,-7.1,-0.24,0.27,0.78,7.56,inf,Obstacle is driving toward the ego car longitudinally. Obstacle is moving away laterally to the right.
94.0,20063.0,Front-right,49.02,-7.15,44.51,-5.54,-5.28,-0.68,0.42,1.4,8.43,inf,Obstacle is driving toward the ego car longitudinally. Obstacle is moving away laterally to the right.
94.0,20064.0,Front-right,134.79,-140.45,130.28,-138.84,-7.81,0.63,-0.54,0.06,16.69,221.93,Obstacle is driving toward the ego car longitudinally. Obstacle is driving toward the ego car laterally from the right.
94.0,20066.0,Front-right,133.22,-148.42,128.71,-146.81,-7.74,0.99,-0.25,-0.01,16.64,147.87,Obstacle is driving toward the ego car longitudinally. Obstacle is driving toward the ego car laterally from the right.
95.0,20003.0,Front-right,140.12,-32.77,135.61,-31.16,-6.45,-0.32,-0.32,-1.31,21.03,inf,Obstacle is driving toward the ego car longitudinally. Obstacle is moving away laterally to the right.
95.0,20007.0,Front-right,132.45,-31.02,127.94,-29.41,-7.86,-0.01,-0.08,-0.37,16.28,inf,Obstacle is driving toward the ego car longitudinally. Obstacle is moving away laterally to the right.
95.0,20013.0,Front-right,125.68,-29.3,121.17,-27.69,-7.91,-0.0,-0.0,-0.1,15.31,inf,Obstacle is driving toward the ego car longitudinally. No lateral relative motion.
95.0,20017.0,Front-right,118.94,-27.49,114.43,-25.88,-7.91,-0.0,-0.0,-0.1,14.46,inf,Obstacle is driving toward the ego car longitudinally. No lateral relative motion.
95.0,20019.0,Front-right,112.23,-25.57,107.72,-23.96,-7.91,-0.0,-0.0,-0.1,13.61,inf,Obstacle is driving toward the ego car longitudinally. No lateral relative motion.
95.0,20021.0,Front-right,105.52,-23.62,101.02,-22.01,-7.91,-0.0,-0.0,-0.1,12.77,inf,Obstacle is driving toward the ego car longitudinally. No lateral relative motion.
95.0,20025.0,Front-right,98.85,-21.57,94.34,-19.96,-7.91,-0.0,-0.0,-0.1,11.92,inf,Obstacle is driving toward the ego car longitudinally. No lateral relative motion.
95.0,20035.0,Front-right,92.18,-19.53,87.67,-17.92,-7.91,-0.0,-0.0,-0.1,11.08,inf,Obstacle is driving toward the ego car longitudinally. No lateral relative motion.
95.0,20039.0,Front-right,85.51,-17.48,81.0,-15.87,-7.91,-0.0,-0.0,-0.1,10.24,inf,Obstacle is driving toward the ego car longitudinally. No lateral relative motion.
95.0,20044.0,Rear-right,-69.69,-22.91,-65.18,-21.3,-18.52,-9.94,-0.02,-0.08,inf,inf,Obstacle is moving away longitudinally. Obstacle is moving away laterally to the right.
95.0,20045.0,Front-right,152.33,-48.1,147.82,-46.49,-7.91,0.0,-0.0,-0.1,18.68,inf,Obstacle is driving toward the ego car longitudinally. No lateral relative motion.
95.0,20047.0,Front-right,151.03,-54.96,146.52,-53.35,-7.91,0.0,-0.0,-0.1,18.52,inf,Obstacle is driving toward the ego car longitudinally. No lateral relative motion.
95.0,20049.0,Front-right,148.64,-67.58,144.13,-65.97,-7.91,0.0,-0.0,-0.1,18.21,inf,Obstacle is driving toward the ego car longitudinally. No lateral relative motion.
95.0,20050.0,Front-right,146.97,-76.36,142.46,-74.75,-7.91,0.0,-0.0,-0.1,18.0,inf,Obstacle is driving toward the ego car longitudinally. No lateral relative motion.
95.0,20051.0,Front-right,145.67,-83.22,141.16,-81.61,-7.91,0.0,-0.0,-0.1,17.84,inf,Obstacle is driving toward the ego car longitudinally. No lateral relative motion.
95.0,20052.0,Front-right,144.37,-90.09,139.86,-88.48,-7.91,0.0,-0.0,-0.1,17.67,inf,Obstacle is driving toward the ego car longitudinally. No lateral relative motion.
95.0,20053.0,Front-right,143.07,-96.96,138.56,-95.35,-7.91,0.0,-0.0,-0.1,17.51,inf,Obstacle is driving toward the ego car longitudinally. No lateral relative motion.
95.0,20054.0,Front-right,73.23,-13.72,68.72,-12.11,-7.91,-0.0,-0.0,-0.1,8.68,inf,Obstacle is driving toward the ego car longitudinally. No lateral relative motion.
95.0,20055.0,Front-right,140.67,-109.59,136.16,-107.98,-7.91,0.0,-0.0,-0.1,17.21,inf,Obstacle is driving toward the ego car longitudinally. No lateral relative motion.
95.0,20056.0,Front-right,139.0,-118.39,134.5,-116.78,-7.91,0.0,-0.0,-0.1,17.0,inf,Obstacle is driving toward the ego car longitudinally. No lateral relative motion.
95.0,20057.0,Front-right,154.35,-19.62,149.84,-18.01,-7.91,-0.0,-0.0,-0.1,18.94,inf,Obstacle is driving toward the ego car longitudinally. No lateral relative motion.
95.0,20058.0,Front-right,137.7,-125.27,133.19,-123.66,-7.91,0.0,-0.0,-0.1,16.83,inf,Obstacle is driving toward the ego car longitudinally. No lateral relative motion.
95.0,20059.0,Front-right,64.67,-11.19,60.16,-9.58,-7.91,-0.0,-0.0,-0.1,7.6,inf,Obstacle is driving toward the ego car longitudinally. No lateral relative motion.
95.0,20060.0,Front-right,155.78,-12.79,151.27,-11.18,-7.91,-0.0,-0.0,-0.1,19.12,inf,Obstacle is driving toward the ego car longitudinally. No lateral relative motion.
95.0,20061.0,Front-right,136.39,-132.16,131.88,-130.55,-7.91,0.0,-0.0,-0.1,16.67,inf,Obstacle is driving toward the ego car longitudinally. No lateral relative motion.
95.0,20062.0,Front-right,57.55,-9.19,53.05,-7.58,-7.17,-0.21,0.27,0.75,7.4,inf,Obstacle is driving toward the ego car longitudinally. Obstacle is moving away laterally to the right.
95.0,20063.0,Front-right,48.53,-6.86,44.02,-5.25,-5.4,-0.62,0.42,1.36,8.15,inf,Obstacle is driving toward the ego car longitudinally. Obstacle is moving away laterally to the right.
95.0,20064.0,Front-right,135.02,-139.41,130.51,-137.8,-7.8,0.57,-0.54,0.02,16.72,240.82,Obstacle is driving toward the ego car longitudinally. Obstacle is driving toward the ego car laterally from the right.
95.0,20066.0,Front-right,133.51,-147.35,129.0,-145.74,-7.73,0.97,-0.25,-0.04,16.69,150.35,Obstacle is driving toward the ego car longitudinally. Obstacle is driving toward the ego car laterally from the right.
96.0,20003.0,Front-right,139.77,-31.53,135.26,-29.92,-6.31,-0.33,-0.32,-1.26,21.42,inf,Obstacle is driving toward the ego car longitudinally. Obstacle is moving away laterally to the right.
96.0,20007.0,Front-right,131.94,-29.83,127.43,-28.22,-7.82,-0.02,-0.08,-0.32,16.29,inf,Obstacle is driving toward the ego car longitudinally. Obstacle is moving away laterally to the right.
96.0,20013.0,Front-right,125.15,-28.16,120.64,-26.55,-7.9,-0.0,-0.0,-0.05,15.26,inf,Obstacle is driving toward the ego car longitudinally. No lateral relative motion.
96.0,20017.0,Front-right,118.39,-26.41,113.88,-24.8,-7.9,-0.0,-0.0,-0.05,14.41,inf,Obstacle is driving toward the ego car longitudinally. No lateral relative motion.
96.0,20019.0,Front-right,111.66,-24.55,107.15,-22.94,-7.9,-0.0,-0.0,-0.05,13.56,inf,Obstacle is driving toward the ego car longitudinally. No lateral relative motion.
96.0,20021.0,Front-right,104.94,-22.66,100.43,-21.05,-7.9,-0.0,-0.0,-0.05,12.71,inf,Obstacle is driving toward the ego car longitudinally. No lateral relative motion.
96.0,20025.0,Front-right,98.25,-20.68,93.74,-19.07,-7.9,-0.0,-0.0,-0.05,11.86,inf,Obstacle is driving toward the ego car longitudinally. No lateral relative motion.
96.0,20035.0,Front-right,91.56,-18.69,87.05,-17.08,-7.9,-0.0,-0.0,-0.05,11.01,inf,Obstacle is driving toward the ego car longitudinally. No lateral relative motion.
96.0,20039.0,Front-right,84.87,-16.71,80.36,-15.1,-7.9,-0.0,-0.0,-0.05,10.17,inf,Obstacle is driving toward the ego car longitudinally. No lateral relative motion.
96.0,20044.0,Rear-right,-71.32,-24.54,-66.82,-22.93,-18.43,-10.03,-0.02,-0.03,inf,inf,Obstacle is moving away longitudinally. Obstacle is moving away laterally to the right.
96.0,20045.0,Front-right,151.96,-46.72,147.46,-45.11,-7.9,0.0,-0.0,-0.05,18.66,inf,Obstacle is driving toward the ego car longitudinally. No lateral relative motion.
96.0,20047.0,Front-right,150.73,-53.59,146.22,-51.98,-7.9,0.0,-0.0,-0.05,18.5,inf,Obstacle is driving toward the ego car longitudinally. No lateral relative motion.
96.0,20049.0,Front-right,148.45,-66.23,143.94,-64.62,-7.9,0.0,-0.0,-0.05,18.21,inf,Obstacle is driving toward the ego car longitudinally. No lateral relative motion.
96.0,20050.0,Front-right,146.86,-75.02,142.36,-73.41,-7.9,0.0,-0.0,-0.05,18.01,inf,Obstacle is driving toward the ego car longitudinally. No lateral relative motion.
96.0,20051.0,Front-right,145.62,-81.9,141.12,-80.29,-7.9,0.0,-0.0,-0.05,17.85,inf,Obstacle is driving toward the ego car longitudinally. No lateral relative motion.
96.0,20052.0,Front-right,144.38,-88.78,139.88,-87.17,-7.9,0.0,-0.0,-0.05,17.7,inf,Obstacle is driving toward the ego car longitudinally. No lateral relative motion.
96.0,20053.0,Front-right,143.14,-95.66,138.64,-94.05,-7.9,0.0,-0.0,-0.05,17.54,inf,Obstacle is driving toward the ego car longitudinally. No lateral relative motion.
96.0,20054.0,Front-right,72.56,-13.06,68.05,-11.45,-7.9,-0.0,-0.0,-0.05,8.61,inf,Obstacle is driving toward the ego car longitudinally. No lateral relative motion.
96.0,20055.0,Front-right,140.86,-108.31,136.36,-106.7,-7.9,0.0,-0.0,-0.05,17.25,inf,Obstacle is driving toward the ego car longitudinally. No lateral relative motion.
96.0,20056.0,Front-right,139.28,-117.13,134.77,-115.52,-7.9,0.0,-0.0,-0.05,17.05,inf,Obstacle is driving toward the ego car longitudinally. No lateral relative motion.
96.0,20057.0,Front-right,153.73,-18.22,149.22,-16.61,-7.9,-0.0,-0.0,-0.05,18.88,inf,Obstacle is driving toward the ego car longitudinally. No lateral relative motion.
96.0,20058.0,Front-right,138.03,-124.02,133.53,-122.41,-7.9,0.0,-0.0,-0.05,16.89,inf,Obstacle is driving toward the ego car longitudinally. No lateral relative motion.
96.0,20059.0,Front-right,63.98,-10.6,59.47,-8.99,-7.9,-0.0,-0.0,-0.05,7.52,inf,Obstacle is driving toward the ego car longitudinally. No lateral relative motion.
96.0,20060.0,Front-right,155.1,-11.38,150.59,-9.77,-7.9,-0.0,-0.0,-0.05,19.05,inf,Obstacle is driving toward the ego car longitudinally. No lateral relative motion.
96.0,20061.0,Front-right,136.79,-130.92,132.28,-129.31,-7.9,0.0,-0.0,-0.05,16.74,inf,Obstacle is driving toward the ego car longitudinally. No lateral relative motion.
96.0,20062.0,Front-right,56.91,-8.69,52.41,-7.08,-7.25,-0.18,0.27,0.8,7.23,inf,Obstacle is driving toward the ego car longitudinally. Obstacle is moving away laterally to the right.
96.0,20063.0,Front-right,48.04,-6.47,43.53,-4.86,-5.54,-0.56,0.42,1.42,7.86,inf,Obstacle is driving toward the ego car longitudinally. Obstacle is moving away laterally to the right.
96.0,20064.0,Front-right,135.49,-138.13,130.98,-136.52,-7.81,0.52,-0.54,0.08,16.77,263.17,Obstacle is driving toward the ego car longitudinally. Obstacle is driving toward the ego car laterally from the right.
96.0,20066.0,Front-right,134.06,-146.05,129.56,-144.44,-7.73,0.95,-0.25,0.01,16.75,152.68,Obstacle is driving toward the ego car longitudinally. Obstacle is driving toward the ego car laterally from the right.
97.0,20003.0,Front-right,139.55,-29.73,135.04,-28.12,-6.18,-0.34,-0.32,-1.25,21.86,inf,Obstacle is driving toward the ego car longitudinally. Obstacle is moving away laterally to the right.
97.0,20007.0,Front-right,131.54,-28.09,127.03,-26.48,-7.78,-0.03,-0.08,-0.32,16.32,inf,Obstacle is driving toward the ego car longitudinally. Obstacle is moving away laterally to the right.
97.0,20013.0,Front-right,124.71,-26.51,120.21,-24.9,-7.89,-0.0,-0.0,-0.05,15.23,inf,Obstacle is driving toward the ego car longitudinally. No lateral relative motion.
97.0,20017.0,Front-right,117.94,-24.85,113.43,-23.24,-7.89,-0.0,-0.0,-0.05,14.37,inf,Obstacle is driving toward the ego car longitudinally. No lateral relative motion.
97.0,20019.0,Front-right,111.18,-23.08,106.68,-21.47,-7.89,-0.0,-0.0,-0.05,13.51,inf,Obstacle is driving toward the ego car longitudinally. No lateral relative motion.
97.0,20021.0,Front-right,104.44,-21.28,99.93,-19.67,-7.89,-0.0,-0.0,-0.05,12.66,inf,Obstacle is driving toward the ego car longitudinally. No lateral relative motion.
97.0,20025.0,Front-right,97.72,-19.38,93.21,-17.77,-7.89,-0.0,-0.0,-0.05,11.81,inf,Obstacle is driving toward the ego car longitudinally. No lateral relative motion.
97.0,20035.0,Front-right,91.0,-17.49,86.49,-15.88,-7.89,-0.0,-0.0,-0.05,10.96,inf,Obstacle is driving toward the ego car longitudinally. No lateral relative motion.
97.0,20039.0,Front-right,84.29,-15.59,79.78,-13.98,-7.89,-0.0,-0.0,-0.05,10.11,inf,Obstacle is driving toward the ego car longitudinally. No lateral relative motion.
97.0,20044.0,Rear-right,-72.83,-26.5,-68.32,-24.89,-18.29,-10.17,-0.01,-0.03,inf,inf,Obstacle is moving away longitudinally. Obstacle is moving away laterally to the right.
97.0,20045.0,Front-right,151.77,-44.72,147.27,-43.11,-7.89,0.0,-0.0,-0.05,18.65,inf,Obstacle is driving toward the ego car longitudinally. No lateral relative motion.
97.0,20047.0,Front-right,150.63,-51.61,146.12,-50.0,-7.89,0.0,-0.0,-0.05,18.51,inf,Obstacle is driving toward the ego car longitudinally. No lateral relative motion.
97.0,20049.0,Front-right,148.51,-64.28,144.01,-62.67,-7.89,0.0,-0.0,-0.05,18.24,inf,Obstacle is driving toward the ego car longitudinally. No lateral relative motion.
97.0,20050.0,Front-right,147.05,-73.09,142.54,-71.48,-7.89,0.0,-0.0,-0.05,18.06,inf,Obstacle is driving toward the ego car longitudinally. No lateral relative motion.
97.0,20051.0,Front-right,145.9,-79.98,141.39,-78.37,-7.89,0.0,-0.0,-0.05,17.91,inf,Obstacle is driving toward the ego car longitudinally. No lateral relative motion.
97.0,20052.0,Front-right,144.75,-86.87,140.24,-85.26,-7.89,0.0,-0.0,-0.05,17.76,inf,Obstacle is driving toward the ego car longitudinally. No lateral relative motion.
97.0,20053.0,Front-right,143.6,-93.77,139.09,-92.16,-7.89,0.0,-0.0,-0.05,17.62,inf,Obstacle is driving toward the ego car longitudinally. No lateral relative motion.
97.0,20054.0,Front-right,71.93,-12.11,67.43,-10.5,-7.89,-0.0,-0.0,-0.05,8.54,inf,Obstacle is driving toward the ego car longitudinally. No lateral relative motion.
97.0,20055.0,Front-right,141.48,-106.45,136.98,-104.84,-7.89,0.0,-0.0,-0.05,17.35,inf,Obstacle is driving toward the ego car longitudinally. No lateral relative motion.
97.0,20056.0,Front-right,140.01,-115.29,135.5,-113.68,-7.89,0.0,-0.0,-0.05,17.16,inf,Obstacle is driving toward the ego car longitudinally. No lateral relative motion.
97.0,20057.0,Front-right,153.16,-16.2,148.65,-14.59,-7.89,-0.0,-0.0,-0.05,18.83,inf,Obstacle is driving toward the ego car longitudinally. No lateral relative motion.
97.0,20058.0,Front-right,138.86,-122.2,134.35,-120.59,-7.89,0.0,-0.0,-0.05,17.02,inf,Obstacle is driving toward the ego car longitudinally. No lateral relative motion.
97.0,20059.0,Front-right,63.32,-9.76,58.81,-8.15,-7.89,-0.0,-0.0,-0.05,7.45,inf,Obstacle is driving toward the ego car longitudinally. No lateral relative motion.
97.0,20060.0,Front-right,154.44,-9.34,149.94,-7.73,-7.89,-0.0,-0.0,-0.05,18.99,inf,Obstacle is driving toward the ego car longitudinally. No lateral relative motion.
97.0,20061.0,Front-right,137.71,-129.12,133.2,-127.51,-7.89,0.0,-0.0,-0.05,16.87,inf,Obstacle is driving toward the ego car longitudinally. No lateral relative motion.
97.0,20062.0,Front-right,56.29,-7.96,51.79,-6.35,-7.32,-0.15,0.27,0.8,7.07,inf,Obstacle is driving toward the ego car longitudinally. Obstacle is moving away laterally to the right.
97.0,20063.0,Front-right,47.56,-5.89,43.05,-4.28,-5.67,-0.5,0.42,1.42,7.6,inf,Obstacle is driving toward the ego car longitudinally. Obstacle is moving away laterally to the right.
97.0,20064.0,Front-right,136.51,-136.29,132.0,-134.68,-7.82,0.47,-0.54,0.08,16.89,289.33,Obstacle is driving toward the ego car longitudinally. Obstacle is driving toward the ego car laterally from the right.
97.0,20066.0,Front-right,135.2,-144.18,130.69,-142.57,-7.74,0.92,-0.25,0.01,16.88,154.43,Obstacle is driving toward the ego car longitudinally. Obstacle is driving toward the ego car laterally from the right.
98.0,20003.0,Front-right,139.19,-28.54,134.68,-26.93,-6.04,-0.35,-0.32,-1.25,22.29,inf,Obstacle is driving toward the ego car longitudinally. Obstacle is moving away laterally to the right.
98.0,20007.0,Front-right,131.0,-26.95,126.49,-25.34,-7.75,-0.03,-0.08,-0.31,16.32,inf,Obstacle is driving toward the ego car longitudinally. Obstacle is moving away laterally to the right.
98.0,20013.0,Front-right,124.15,-25.43,119.64,-23.82,-7.89,-0.0,-0.0,-0.04,15.17,inf,Obstacle is driving toward the ego car longitudinally. No lateral relative motion.
98.0,20017.0,Front-right,117.36,-23.83,112.85,-22.22,-7.89,-0.0,-0.0,-0.04,14.31,inf,Obstacle is driving toward the ego car longitudinally. No lateral relative motion.
98.0,20019.0,Front-right,110.59,-22.11,106.08,-20.5,-7.89,-0.0,-0.0,-0.04,13.45,inf,Obstacle is driving toward the ego car longitudinally. No lateral relative motion.
98.0,20021.0,Front-right,103.83,-20.37,99.32,-18.76,-7.89,-0.0,-0.0,-0.04,12.59,inf,Obstacle is driving toward the ego car longitudinally. No lateral relative motion.
98.0,20025.0,Front-right,97.1,-18.53,92.59,-16.92,-7.89,-0.0,-0.0,-0.04,11.74,inf,Obstacle is driving toward the ego car longitudinally. No lateral relative motion.
98.0,20035.0,Front-right,90.36,-16.7,85.85,-15.09,-7.89,-0.0,-0.0,-0.04,10.89,inf,Obstacle is driving toward the ego car longitudinally. No lateral relative motion.
98.0,20039.0,Front-right,83.63,-14.86,79.12,-13.25,-7.89,-0.0,-0.0,-0.04,10.03,inf,Obstacle is driving toward the ego car longitudinally. No lateral relative motion.
98.0,20044.0,Rear-right,-74.42,-28.16,-69.91,-26.55,-18.19,-10.26,-0.02,-0.03,inf,inf,Obstacle is moving away longitudinally. Obstacle is moving away laterally to the right.
98.0,20045.0,Front-right,151.37,-43.4,146.86,-41.79,-7.89,0.0,-0.0,-0.04,18.62,inf,Obstacle is driving toward the ego car longitudinally. No lateral relative motion.
98.0,20047.0,Front-right,150.28,-50.3,145.77,-48.69,-7.89,0.0,-0.0,-0.04,18.48,inf,Obstacle is driving toward the ego car longitudinally. No lateral relative motion.
98.0,20049.0,Front-right,148.28,-62.98,143.77,-61.37,-7.89,0.0,-0.0,-0.04,18.23,inf,Obstacle is driving toward the ego car longitudinally. No lateral relative motion.
98.0,20050.0,Front-right,146.89,-71.81,142.38,-70.2,-7.89,0.0,-0.0,-0.04,18.05,inf,Obstacle is driving toward the ego car longitudinally. No lateral relative motion.
98.0,20051.0,Front-right,145.8,-78.71,141.29,-77.1,-7.89,0.0,-0.0,-0.04,17.92,inf,Obstacle is driving toward the ego car longitudinally. No lateral relative motion.
98.0,20052.0,Front-right,144.71,-85.61,140.2,-84.0,-7.89,0.0,-0.0,-0.04,17.78,inf,Obstacle is driving toward the ego car longitudinally. No lateral relative motion.
98.0,20053.0,Front-right,143.62,-92.52,139.11,-90.91,-7.89,0.0,-0.0,-0.04,17.64,inf,Obstacle is driving toward the ego car longitudinally. No lateral relative motion.
98.0,20054.0,Front-right,71.25,-11.48,66.74,-9.87,-7.89,-0.0,-0.0,-0.04,8.46,inf,Obstacle is driving toward the ego car longitudinally. No lateral relative motion.
98.0,20055.0,Front-right,141.62,-105.22,137.11,-103.61,-7.89,0.0,-0.0,-0.04,17.39,inf,Obstacle is driving toward the ego car longitudinally. No lateral relative motion.
98.0,20056.0,Front-right,140.22,-114.06,135.71,-112.45,-7.89,0.0,-0.0,-0.04,17.21,inf,Obstacle is driving toward the ego car longitudinally. No lateral relative motion.
98.0,20057.0,Front-right,152.51,-14.87,148.0,-13.26,-7.89,-0.0,-0.0,-0.04,18.77,inf,Obstacle is driving toward the ego car longitudinally. No lateral relative motion.
98.0,20058.0,Front-right,139.13,-120.98,134.62,-119.37,-7.89,0.0,-0.0,-0.04,17.07,inf,Obstacle is driving toward the ego car longitudinally. No lateral relative motion.
98.0,20059.0,Front-right,62.61,-9.21,58.1,-7.6,-7.89,-0.0,-0.0,-0.04,7.37,inf,Obstacle is driving toward the ego car longitudinally. No lateral relative motion.
98.0,20060.0,Front-right,153.73,-8.0,149.22,-6.39,-7.89,-0.0,-0.0,-0.04,18.92,inf,Obstacle is driving toward the ego car longitudinally. No lateral relative motion.
98.0,20061.0,Front-right,138.04,-127.91,133.53,-126.3,-7.89,0.0,-0.0,-0.04,16.93,inf,Obstacle is driving toward the ego car longitudinally. No lateral relative motion.
98.0,20062.0,Front-right,55.62,-7.48,51.12,-5.87,-7.4,-0.12,0.27,0.81,6.91,inf,Obstacle is driving toward the ego car longitudinally. Obstacle is moving away laterally to the right.
98.0,20063.0,Front-right,47.04,-5.53,42.53,-3.92,-5.8,-0.45,0.42,1.42,7.33,inf,Obstacle is driving toward the ego car longitudinally. Obstacle is moving away laterally to the right.
98.0,20064.0,Front-right,136.91,-135.05,132.4,-133.44,-7.82,0.41,-0.54,0.08,16.93,324.27,Obstacle is driving toward the ego car longitudinally. Obstacle is driving toward the ego car laterally from the right.
98.0,20066.0,Front-right,135.67,-142.91,131.16,-141.3,-7.74,0.9,-0.25,0.01,16.94,157.1,Obstacle is driving toward the ego car longitudinally. Obstacle is driving toward the ego car laterally from the right.
99.0,20003.0,Front-right,138.73,-27.89,134.22,-26.28,-5.91,-0.36,-0.32,-1.27,22.71,inf,Obstacle is driving toward the ego car longitudinally. Obstacle is moving away laterally to the right.
99.0,20007.0,Front-right,130.36,-26.31,125.85,-24.7,-7.69,-0.04,-0.16,-0.59,16.37,inf,Obstacle is driving toward the ego car longitudinally. Obstacle is moving away laterally to the right.
99.0,20013.0,Front-right,123.49,-24.82,118.98,-23.21,-7.88,-0.0,-0.0,-0.06,15.1,inf,Obstacle is driving toward the ego car longitudinally. No lateral relative motion.
99.0,20017.0,Front-right,116.68,-23.25,112.18,-21.64,-7.88,-0.0,-0.0,-0.06,14.24,inf,Obstacle is driving toward the ego car longitudinally. No lateral relative motion.
99.0,20019.0,Front-right,109.91,-21.57,105.4,-19.96,-7.88,-0.0,-0.0,-0.06,13.38,inf,Obstacle is driving toward the ego car longitudinally. No lateral relative motion.
99.0,20021.0,Front-right,103.14,-19.86,98.63,-18.25,-7.88,-0.0,-0.0,-0.06,12.52,inf,Obstacle is driving toward the ego car longitudinally. No lateral relative motion.
99.0,20025.0,Front-right,96.4,-18.06,91.89,-16.45,-7.88,-0.0,-0.0,-0.06,11.66,inf,Obstacle is driving toward the ego car longitudinally. No lateral relative motion.
99.0,20035.0,Front-right,89.65,-16.25,85.15,-14.64,-7.88,-0.0,-0.0,-0.06,10.81,inf,Obstacle is driving toward the ego car longitudinally. No lateral relative motion.
99.0,20039.0,Front-right,82.92,-14.45,78.41,-12.84,-7.88,-0.0,-0.0,-0.06,9.95,inf,Obstacle is driving toward the ego car longitudinally. No lateral relative motion.
99.0,20044.0,Rear-right,-76.09,-29.56,-71.59,-27.95,-18.13,-10.32,-0.02,-0.04,inf,inf,Obstacle is moving away longitudinally. Obstacle is moving away laterally to the right.
99.0,20045.0,Front-right,150.79,-42.66,146.28,-41.05,-7.88,0.0,-0.0,-0.06,18.57,inf,Obstacle is driving toward the ego car longitudinally. No lateral relative motion.
99.0,20047.0,Front-right,149.74,-49.56,145.23,-47.95,-7.88,0.0,-0.0,-0.06,18.43,inf,Obstacle is driving toward the ego car longitudinally. No lateral relative motion.
99.0,20049.0,Front-right,147.8,-62.25,143.29,-60.64,-7.88,0.0,-0.0,-0.06,18.19,inf,Obstacle is driving toward the ego car longitudinally. No lateral relative motion.
99.0,20050.0,Front-right,146.45,-71.08,141.94,-69.47,-7.88,0.0,-0.0,-0.06,18.02,inf,Obstacle is driving toward the ego car longitudinally. No lateral relative motion.
99.0,20051.0,Front-right,145.39,-77.99,140.89,-76.38,-7.88,0.0,-0.0,-0.06,17.88,inf,Obstacle is driving toward the ego car longitudinally. No lateral relative motion.
99.0,20052.0,Front-right,144.34,-84.9,139.83,-83.29,-7.88,0.0,-0.0,-0.06,17.75,inf,Obstacle is driving toward the ego car longitudinally. No lateral relative motion.
99.0,20053.0,Front-right,143.28,-91.81,138.77,-90.2,-7.88,0.0,-0.0,-0.06,17.61,inf,Obstacle is driving toward the ego car longitudinally. No lateral relative motion.
99.0,20054.0,Front-right,70.51,-11.13,66.01,-9.52,-7.88,-0.0,-0.0,-0.06,8.38,inf,Obstacle is driving toward the ego car longitudinally. No lateral relative motion.
99.0,20055.0,Front-right,141.34,-104.52,136.83,-102.91,-7.88,0.0,-0.0,-0.06,17.37,inf,Obstacle is driving toward the ego car longitudinally. No lateral relative motion.
99.0,20056.0,Front-right,139.99,-113.37,135.48,-111.76,-7.88,0.0,-0.0,-0.06,17.2,inf,Obstacle is driving toward the ego car longitudinally. No lateral relative motion.
99.0,20057.0,Front-right,151.79,-14.12,147.28,-12.51,-7.88,-0.0,-0.0,-0.06,18.69,inf,Obstacle is driving toward the ego car longitudinally. No lateral relative motion.
99.0,20058.0,Front-right,138.93,-120.3,134.42,-118.69,-7.88,0.0,-0.0,-0.06,17.06,inf,Obstacle is driving toward the ego car longitudinally. No lateral relative motion.
99.0,20059.0,Front-right,61.87,-8.9,57.36,-7.29,-7.88,-0.0,-0.0,-0.06,7.28,inf,Obstacle is driving toward the ego car longitudinally. No lateral relative motion.
99.0,20060.0,Front-right,152.98,-7.24,148.47,-5.63,-7.88,-0.0,-0.0,-0.06,18.85,inf,Obstacle is driving toward the ego car longitudinally. No lateral relative motion.
99.0,20061.0,Front-right,137.87,-127.23,133.36,-125.62,-7.88,0.0,-0.0,-0.06,16.93,inf,Obstacle is driving toward the ego car longitudinally. No lateral relative motion.
99.0,20062.0,Front-right,54.92,-7.22,50.41,-5.61,-7.45,-0.1,0.19,0.53,6.77,inf,Obstacle is driving toward the ego car longitudinally. Obstacle is moving away laterally to the right.
99.0,20063.0,Front-right,46.48,-5.34,41.97,-3.73,-5.92,-0.41,0.37,1.21,7.08,inf,Obstacle is driving toward the ego car longitudinally. Obstacle is moving away laterally to the right.
99.0,20064.0,Front-right,136.79,-134.34,132.28,-132.73,-7.82,0.37,-0.45,0.05,16.91,362.39,Obstacle is driving toward the ego car longitudinally. Obstacle is driving toward the ego car laterally from the right.
99.0,20066.0,Front-right,135.59,-142.15,131.09,-140.54,-7.75,0.87,-0.33,0.02,16.92,162.05,Obstacle is driving toward the ego car longitudinally. Obstacle is driving toward the ego car laterally from the right.
100.0,20003.0,Front-right,138.22,-27.53,133.72,-25.92,-5.77,-0.38,-0.32,-1.29,23.16,inf,Obstacle is driving toward the ego car longitudinally. Obstacle is moving away laterally to the right.
100.0,20007.0,Front-right,129.67,-25.94,125.16,-24.33,-7.62,-0.05,-0.17,-0.62,16.43,inf,Obstacle is driving toward the ego car longitudinally. Obstacle is moving away laterally to the right.
100.0,20013.0,Front-right,122.77,-24.46,118.26,-22.85,-7.86,-0.0,-0.01,-0.09,15.04,inf,Obstacle is driving toward the ego car longitudinally. No lateral relative motion.
100.0,20017.0,Front-right,115.96,-22.91,111.45,-21.3,-7.86,-0.0,-0.01,-0.09,14.17,inf,Obstacle is driving toward the ego car longitudinally. No lateral relative motion.
100.0,20019.0,Front-right,109.18,-21.25,104.67,-19.64,-7.86,-0.0,-0.01,-0.09,13.31,inf,Obstacle is driving toward the ego car longitudinally. No lateral relative motion.
100.0,20021.0,Front-right,102.41,-19.56,97.9,-17.95,-7.86,-0.0,-0.01,-0.09,12.45,inf,Obstacle is driving toward the ego car longitudinally. No lateral relative motion.
100.0,20025.0,Front-right,95.66,-17.78,91.15,-16.17,-7.86,-0.0,-0.01,-0.09,11.59,inf,Obstacle is driving toward the ego car longitudinally. No lateral relative motion.
100.0,20035.0,Front-right,88.91,-15.99,84.4,-14.38,-7.86,-0.0,-0.01,-0.09,10.73,inf,Obstacle is driving toward the ego car longitudinally. No lateral relative motion.
100.0,20039.0,Front-right,82.17,-14.21,77.66,-12.6,-7.86,-0.0,-0.01,-0.09,9.87,inf,Obstacle is driving toward the ego car longitudinally. No lateral relative motion.
100.0,20044.0,Rear-right,-77.82,-30.81,-73.31,-29.2,-18.09,-10.35,-0.02,-0.07,inf,inf,Obstacle is moving away longitudinally. Obstacle is moving away laterally to the right.
100.0,20045.0,Front-right,150.12,-42.22,145.61,-40.61,-7.86,0.0,-0.01,-0.09,18.51,inf,Obstacle is driving toward the ego car longitudinally. No lateral relative motion.
100.0,20047.0,Front-right,149.09,-49.13,144.58,-47.52,-7.86,0.0,-0.01,-0.09,18.38,inf,Obstacle is driving toward the ego car longitudinally. No lateral relative motion.
100.0,20049.0,Front-right,147.19,-61.83,142.68,-60.22,-7.86,0.0,-0.01,-0.09,18.14,inf,Obstacle is driving toward the ego car longitudinally. No lateral relative motion.
100.0,20050.0,Front-right,145.86,-70.66,141.36,-69.05,-7.86,0.0,-0.01,-0.09,17.97,inf,Obstacle is driving toward the ego car longitudinally. No lateral relative motion.
100.0,20051.0,Front-right,144.83,-77.57,140.32,-75.96,-7.86,0.0,-0.01,-0.09,17.84,inf,Obstacle is driving toward the ego car longitudinally. No lateral relative motion.
100.0,20052.0,Front-right,143.79,-84.48,139.28,-82.87,-7.86,0.0,-0.01,-0.09,17.71,inf,Obstacle is driving toward the ego car longitudinally. No lateral relative motion.
100.0,20053.0,Front-right,142.76,-91.4,138.25,-89.79,-7.86,0.0,-0.01,-0.09,17.58,inf,Obstacle is driving toward the ego car longitudinally. No lateral relative motion.
100.0,20054.0,Front-right,69.76,-10.93,65.25,-9.32,-7.86,-0.0,-0.01,-0.09,8.3,inf,Obstacle is driving toward the ego car longitudinally. No lateral relative motion.
100.0,20055.0,Front-right,140.85,-104.11,136.34,-102.5,-7.86,0.0,-0.01,-0.09,17.34,inf,Obstacle is driving toward the ego car longitudinally. No lateral relative motion.
100.0,20056.0,Front-right,139.53,-112.97,135.02,-111.36,-7.86,0.0,-0.01,-0.09,17.17,inf,Obstacle is driving toward the ego car longitudinally. No lateral relative motion.
100.0,20057.0,Front-right,151.04,-13.68,146.53,-12.07,-7.86,-0.0,-0.01,-0.09,18.63,inf,Obstacle is driving toward the ego car longitudinally. No lateral relative motion.
100.0,20058.0,Front-right,138.49,-119.9,133.98,-118.29,-7.86,0.0,-0.01,-0.09,17.04,inf,Obstacle is driving toward the ego car longitudinally. No lateral relative motion.
100.0,20059.0,Front-right,61.1,-8.73,56.6,-7.12,-7.86,-0.0,-0.01,-0.09,7.2,inf,Obstacle is driving toward the ego car longitudinally. No lateral relative motion.
100.0,20060.0,Front-right,152.21,-6.8,147.7,-5.19,-7.86,-0.0,-0.01,-0.09,18.78,inf,Obstacle is driving toward the ego car longitudinally. No lateral relative motion.
100.0,20061.0,Front-right,137.45,-126.84,132.94,-125.23,-7.86,0.0,-0.01,-0.09,16.9,inf,Obstacle is driving toward the ego car longitudinally. No lateral relative motion.
100.0,20062.0,Front-right,54.19,-7.07,49.68,-5.46,-7.5,-0.09,0.18,0.5,6.63,inf,Obstacle is driving toward the ego car longitudinally. Obstacle is moving away laterally to the right.
100.0,20063.0,Front-right,45.89,-5.24,41.38,-3.63,-6.04,-0.38,0.36,1.19,6.85,inf,Obstacle is driving toward the ego car longitudinally. Obstacle is moving away laterally to the right.
100.0,20064.0,Front-right,136.39,-133.91,131.88,-132.3,-7.82,0.32,-0.46,0.02,16.87,412.5,Obstacle is driving toward the ego car longitudinally. Obstacle is driving toward the ego car laterally from the right.
100.0,20066.0,Front-right,135.23,-141.67,130.72,-140.06,-7.74,0.83,-0.33,-0.01,16.89,167.78,Obstacle is driving toward the ego car longitudinally. Obstacle is driving toward the ego car laterally from the right.
101.0,20003.0,Front-right,137.68,-27.45,133.17,-25.84,-5.63,-0.4,-0.33,-1.32,23.65,inf,Obstacle is driving toward the ego car longitudinally. Obstacle is moving away laterally to the right.
101.0,20007.0,Front-right,128.93,-25.83,124.42,-24.22,-7.54,-0.06,-0.17,-0.64,16.49,inf,Obstacle is driving toward the ego car longitudinally. Obstacle is moving away laterally to the right.
101.0,20013.0,Front-right,122.0,-24.35,117.49,-22.74,-7.85,-0.0,-0.01,-0.11,14.98,inf,Obstacle is driving toward the ego car longitudinally. No lateral relative motion.
101.0,20017.0,Front-right,115.19,-22.81,110.69,-21.2,-7.85,-0.0,-0.01,-0.11,14.11,inf,Obstacle is driving toward the ego car longitudinally. No lateral relative motion.
101.0,20019.0,Front-right,108.41,-21.16,103.9,-19.55,-7.85,-0.0,-0.01,-0.11,13.24,inf,Obstacle is driving toward the ego car longitudinally. No lateral relative motion.
101.0,20021.0,Front-right,101.64,-19.47,97.13,-17.86,-7.85,-0.0,-0.01,-0.11,12.38,inf,Obstacle is driving toward the ego car longitudinally. No lateral relative motion.
101.0,20025.0,Front-right,94.89,-17.7,90.38,-16.09,-7.85,-0.0,-0.01,-0.11,11.52,inf,Obstacle is driving toward the ego car longitudinally. No lateral relative motion.
101.0,20035.0,Front-right,88.14,-15.92,83.63,-14.31,-7.85,-0.0,-0.01,-0.11,10.66,inf,Obstacle is driving toward the ego car longitudinally. No lateral relative motion.
101.0,20039.0,Front-right,81.39,-14.14,76.89,-12.53,-7.85,-0.0,-0.01,-0.11,9.8,inf,Obstacle is driving toward the ego car longitudinally. No lateral relative motion.
101.0,20044.0,Rear-right,-79.6,-31.92,-75.1,-30.31,-18.06,-10.36,-0.02,-0.09,inf,inf,Obstacle is moving away longitudinally. Obstacle is moving away laterally to the right.
101.0,20045.0,Front-right,149.37,-42.09,144.86,-40.48,-7.85,0.0,-0.01,-0.11,18.46,inf,Obstacle is driving toward the ego car longitudinally. No lateral relative motion.
101.0,20047.0,Front-right,148.34,-49.0,143.84,-47.39,-7.85,0.0,-0.01,-0.11,18.33,inf,Obstacle is driving toward the ego car longitudinally. No lateral relative motion.
101.0,20049.0,Front-right,146.45,-61.7,141.95,-60.09,-7.85,0.0,-0.01,-0.11,18.09,inf,Obstacle is driving toward the ego car longitudinally. No lateral relative motion.
101.0,20050.0,Front-right,145.14,-70.53,140.63,-68.92,-7.85,0.0,-0.01,-0.11,17.92,inf,Obstacle is driving toward the ego car longitudinally. No lateral relative motion.
101.0,20051.0,Front-right,144.11,-77.44,139.6,-75.83,-7.85,0.0,-0.01,-0.11,17.79,inf,Obstacle is driving toward the ego car longitudinally. No lateral relative motion.
101.0,20052.0,Front-right,143.08,-84.36,138.57,-82.75,-7.85,0.0,-0.01,-0.11,17.66,inf,Obstacle is driving toward the ego car longitudinally. No lateral relative motion.
101.0,20053.0,Front-right,142.05,-91.27,137.54,-89.66,-7.85,0.0,-0.01,-0.11,17.53,inf,Obstacle is driving toward the ego car longitudinally. No lateral relative motion.
101.0,20054.0,Front-right,68.98,-10.87,64.47,-9.26,-7.85,-0.0,-0.01,-0.11,8.22,inf,Obstacle is driving toward the ego car longitudinally. No lateral relative motion.
101.0,20055.0,Front-right,140.16,-103.99,135.65,-102.38,-7.85,0.0,-0.01,-0.11,17.29,inf,Obstacle is driving toward the ego car longitudinally. No lateral relative motion.
101.0,20056.0,Front-right,138.84,-112.85,134.33,-111.24,-7.85,0.0,-0.01,-0.11,17.12,inf,Obstacle is driving toward the ego car longitudinally. No lateral relative motion.
101.0,20057.0,Front-right,150.26,-13.55,145.76,-11.94,-7.85,-0.0,-0.01,-0.11,18.58,inf,Obstacle is driving toward the ego car longitudinally. No lateral relative motion.
101.0,20058.0,Front-right,137.81,-119.78,133.3,-118.17,-7.85,0.0,-0.01,-0.11,16.99,inf,Obstacle is driving toward the ego car longitudinally. No lateral relative motion.
101.0,20059.0,Front-right,60.32,-8.67,55.82,-7.06,-7.85,-0.0,-0.01,-0.11,7.11,inf,Obstacle is driving toward the ego car longitudinally. No lateral relative motion.
101.0,20060.0,Front-right,151.43,-6.67,146.92,-5.06,-7.85,-0.0,-0.01,-0.11,18.73,inf,Obstacle is driving toward the ego car longitudinally. No lateral relative motion.
101.0,20061.0,Front-right,136.77,-126.71,132.27,-125.1,-7.85,0.0,-0.01,-0.11,16.86,inf,Obstacle is driving toward the ego car longitudinally. No lateral relative motion.
101.0,20062.0,Front-right,53.44,-7.03,48.93,-5.42,-7.54,-0.07,0.18,0.48,6.49,inf,Obstacle is driving toward the ego car longitudinally. Obstacle is moving away laterally to the right.
101.0,20063.0,Front-right,45.29,-5.24,40.78,-3.63,-6.15,-0.35,0.36,1.16,6.63,inf,Obstacle is driving toward the ego car longitudinally. Obstacle is moving away laterally to the right.
101.0,20064.0,Front-right,135.72,-133.76,131.22,-132.15,-7.8,0.28,-0.46,-0.0,16.81,480.25,Obstacle is driving toward the ego car longitudinally. Obstacle is driving toward the ego car laterally from the right.
101.0,20066.0,Front-right,134.58,-141.47,130.07,-139.86,-7.73,0.8,-0.33,-0.03,16.83,174.38,Obstacle is driving toward the ego car longitudinally. Obstacle is driving toward the ego car laterally from the right.
102.0,20003.0,Front-right,137.08,-27.7,132.57,-26.09,-5.5,-0.42,-0.32,-1.25,24.11,inf,Obstacle is driving toward the ego car longitudinally. Obstacle is moving away laterally to the right.
102.0,20007.0,Front-right,128.14,-26.03,123.63,-24.42,-7.48,-0.08,-0.16,-0.58,16.53,inf,Obstacle is driving toward the ego car longitudinally. Obstacle is moving away laterally to the right.
102.0,20013.0,Front-right,121.18,-24.54,116.67,-22.93,-7.84,-0.0,-0.0,-0.04,14.89,inf,Obstacle is driving toward the ego car longitudinally. No lateral relative motion.
102.0,20017.0,Front-right,114.37,-22.98,109.87,-21.37,-7.84,-0.0,-0.0,-0.04,14.02,inf,Obstacle is driving toward the ego car longitudinally. No lateral relative motion.
102.0,20019.0,Front-right,107.6,-21.32,103.09,-19.71,-7.84,-0.0,-0.0,-0.04,13.16,inf,Obstacle is driving toward the ego car longitudinally. No lateral relative motion.
102.0,20021.0,Front-right,100.82,-19.63,96.32,-18.02,-7.84,-0.0,-0.0,-0.04,12.29,inf,Obstacle is driving toward the ego car longitudinally. No lateral relative motion.
102.0,20025.0,Front-right,94.08,-17.84,89.57,-16.23,-7.84,-0.0,-0.0,-0.04,11.43,inf,Obstacle is driving toward the ego car longitudinally. No lateral relative motion.
102.0,20035.0,Front-right,87.33,-16.05,82.82,-14.44,-7.84,-0.0,-0.0,-0.04,10.57,inf,Obstacle is driving toward the ego car longitudinally. No lateral relative motion.
102.0,20039.0,Front-right,80.59,-14.26,76.08,-12.65,-7.84,-0.0,-0.0,-0.04,9.71,inf,Obstacle is driving toward the ego car longitudinally. No lateral relative motion.
102.0,20044.0,Rear-right,-81.46,-32.84,-76.95,-31.23,-18.07,-10.34,-0.01,-0.03,inf,inf,Obstacle is moving away longitudinally. Obstacle is moving away laterally to the right.
102.0,20045.0,Front-right,148.52,-42.31,144.02,-40.7,-7.84,0.0,-0.0,-0.04,18.38,inf,Obstacle is driving toward the ego car longitudinally. No lateral relative motion.
102.0,20047.0,Front-right,147.49,-49.22,142.98,-47.61,-7.84,0.0,-0.0,-0.04,18.25,inf,Obstacle is driving toward the ego car longitudinally. No lateral relative motion.
102.0,20049.0,Front-right,145.58,-61.92,141.07,-60.31,-7.84,0.0,-0.0,-0.04,18.0,inf,Obstacle is driving toward the ego car longitudinally. No lateral relative motion.
102.0,20050.0,Front-right,144.25,-70.75,139.74,-69.14,-7.84,0.0,-0.0,-0.04,17.83,inf,Obstacle is driving toward the ego car longitudinally. No lateral relative motion.
102.0,20051.0,Front-right,143.21,-77.66,138.7,-76.05,-7.84,0.0,-0.0,-0.04,17.7,inf,Obstacle is driving toward the ego car longitudinally. No lateral relative motion.
102.0,20052.0,Front-right,142.17,-84.57,137.66,-82.96,-7.84,0.0,-0.0,-0.04,17.57,inf,Obstacle is driving toward the ego car longitudinally. No lateral relative motion.
102.0,20053.0,Front-right,141.13,-91.49,136.62,-89.88,-7.84,0.0,-0.0,-0.04,17.44,inf,Obstacle is driving toward the ego car longitudinally. No lateral relative motion.
102.0,20054.0,Front-right,68.18,-10.97,63.67,-9.36,-7.84,-0.0,-0.0,-0.04,8.13,inf,Obstacle is driving toward the ego car longitudinally. No lateral relative motion.
102.0,20055.0,Front-right,139.22,-104.2,134.71,-102.59,-7.84,0.0,-0.0,-0.04,17.19,inf,Obstacle is driving toward the ego car longitudinally. No lateral relative motion.
102.0,20056.0,Front-right,137.88,-113.05,133.38,-111.44,-7.84,0.0,-0.0,-0.04,17.02,inf,Obstacle is driving toward the ego car longitudinally. No lateral relative motion.
102.0,20057.0,Front-right,149.46,-13.77,144.95,-12.16,-7.84,-0.0,-0.0,-0.04,18.5,inf,Obstacle is driving toward the ego car longitudinally. No lateral relative motion.
102.0,20058.0,Front-right,136.84,-119.98,132.33,-118.37,-7.84,0.0,-0.0,-0.04,16.89,inf,Obstacle is driving toward the ego car longitudinally. No lateral relative motion.
102.0,20059.0,Front-right,59.53,-8.76,55.02,-7.15,-7.84,-0.0,-0.0,-0.04,7.02,inf,Obstacle is driving toward the ego car longitudinally. No lateral relative motion.
102.0,20060.0,Front-right,150.63,-6.89,146.13,-5.28,-7.84,-0.0,-0.0,-0.04,18.65,inf,Obstacle is driving toward the ego car longitudinally. No lateral relative motion.
102.0,20061.0,Front-right,135.8,-126.92,131.29,-125.31,-7.84,0.0,-0.0,-0.04,16.76,inf,Obstacle is driving toward the ego car longitudinally. No lateral relative motion.
102.0,20062.0,Front-right,52.67,-7.12,48.16,-5.51,-7.59,-0.06,0.19,0.54,6.35,inf,Obstacle is driving toward the ego car longitudinally. Obstacle is moving away laterally to the right.
102.0,20063.0,Front-right,44.66,-5.34,40.15,-3.73,-6.27,-0.32,0.37,1.23,6.4,inf,Obstacle is driving toward the ego car longitudinally. Obstacle is moving away laterally to the right.
102.0,20064.0,Front-right,134.74,-133.94,130.23,-132.33,-7.8,0.23,-0.45,0.06,16.69,576.79,Obstacle is driving toward the ego car longitudinally. Obstacle is driving toward the ego car laterally from the right.
102.0,20066.0,Front-right,133.59,-141.6,129.08,-139.99,-7.72,0.77,-0.33,0.03,16.72,182.02,Obstacle is driving toward the ego car longitudinally. Obstacle is driving toward the ego car laterally from the right.
103.0,20003.0,Front-right,136.58,-27.51,132.07,-25.9,-5.37,-0.44,-0.32,-1.24,24.61,inf,Obstacle is driving toward the ego car longitudinally. Obstacle is moving away laterally to the right.
103.0,20007.0,Front-right,127.44,-25.82,122.93,-24.21,-7.42,-0.09,-0.16,-0.57,16.57,inf,Obstacle is driving toward the ego car longitudinally. Obstacle is moving away laterally to the right.
103.0,20013.0,Front-right,120.44,-24.33,115.93,-22.72,-7.83,-0.0,-0.0,-0.04,14.81,inf,Obstacle is driving toward the ego car longitudinally. No lateral relative motion.
103.0,20017.0,Front-right,113.63,-22.79,109.12,-21.18,-7.83,-0.0,-0.0,-0.04,13.94,inf,Obstacle is driving toward the ego car longitudinally. No lateral relative motion.
103.0,20019.0,Front-right,106.85,-21.14,102.34,-19.53,-7.83,-0.0,-0.0,-0.04,13.07,inf,Obstacle is driving toward the ego car longitudinally. No lateral relative motion.
103.0,20021.0,Front-right,100.07,-19.46,95.56,-17.85,-7.83,-0.0,-0.0,-0.04,12.21,inf,Obstacle is driving toward the ego car longitudinally. No lateral relative motion.
103.0,20025.0,Front-right,93.32,-17.68,88.81,-16.07,-7.83,-0.0,-0.0,-0.04,11.35,inf,Obstacle is driving toward the ego car longitudinally. No lateral relative motion.
103.0,20035.0,Front-right,86.57,-15.9,82.06,-14.29,-7.83,-0.0,-0.0,-0.04,10.48,inf,Obstacle is driving toward the ego car longitudinally. No lateral relative motion.
103.0,20039.0,Front-right,79.83,-14.12,75.32,-12.51,-7.83,-0.0,-0.0,-0.04,9.62,inf,Obstacle is driving toward the ego car longitudinally. No lateral relative motion.
103.0,20044.0,Rear-right,-83.21,-34.01,-78.71,-32.4,-18.05,-10.36,-0.01,-0.02,inf,inf,Obstacle is moving away longitudinally. Obstacle is moving away laterally to the right.
103.0,20045.0,Front-right,147.81,-42.06,143.3,-40.45,-7.83,0.0,-0.0,-0.04,18.31,inf,Obstacle is driving toward the ego car longitudinally. No lateral relative motion.
103.0,20047.0,Front-right,146.78,-48.97,142.28,-47.36,-7.83,0.0,-0.0,-0.04,18.18,inf,Obstacle is driving toward the ego car longitudinally. No lateral relative motion.
103.0,20049.0,Front-right,144.9,-61.67,140.39,-60.06,-7.83,0.0,-0.0,-0.04,17.94,inf,Obstacle is driving toward the ego car longitudinally. No lateral relative motion.
103.0,20050.0,Front-right,143.58,-70.51,139.07,-68.9,-7.83,0.0,-0.0,-0.04,17.77,inf,Obstacle is driving toward the ego car longitudinally. No lateral relative motion.
103.0,20051.0,Front-right,142.55,-77.42,138.05,-75.81,-7.83,0.0,-0.0,-0.04,17.64,inf,Obstacle is driving toward the ego car longitudinally. No lateral relative motion.
103.0,20052.0,Front-right,141.53,-84.33,137.02,-82.72,-7.83,0.0,-0.0,-0.04,17.51,inf,Obstacle is driving toward the ego car longitudinally. No lateral relative motion.
103.0,20053.0,Front-right,140.5,-91.25,135.99,-89.64,-7.83,0.0,-0.0,-0.04,17.37,inf,Obstacle is driving toward the ego car longitudinally. No lateral relative motion.
103.0,20054.0,Front-right,67.41,-10.86,62.9,-9.25,-7.83,-0.0,-0.0,-0.04,8.04,inf,Obstacle is driving toward the ego car longitudinally. No lateral relative motion.
103.0,20055.0,Front-right,138.61,-103.96,134.1,-102.35,-7.83,0.0,-0.0,-0.04,17.13,inf,Obstacle is driving toward the ego car longitudinally. No lateral relative motion.
103.0,20056.0,Front-right,137.29,-112.82,132.78,-111.21,-7.83,0.0,-0.0,-0.04,16.96,inf,Obstacle is driving toward the ego car longitudinally. No lateral relative motion.
103.0,20057.0,Front-right,148.7,-13.52,144.19,-11.91,-7.83,-0.0,-0.0,-0.04,18.42,inf,Obstacle is driving toward the ego car longitudinally. No lateral relative motion.
103.0,20058.0,Front-right,136.26,-119.75,131.75,-118.14,-7.83,0.0,-0.0,-0.04,16.83,inf,Obstacle is driving toward the ego car longitudinally. No lateral relative motion.
103.0,20059.0,Front-right,58.76,-8.66,54.25,-7.05,-7.83,-0.0,-0.0,-0.04,6.93,inf,Obstacle is driving toward the ego car longitudinally. No lateral relative motion.
103.0,20060.0,Front-right,149.86,-6.64,145.35,-5.03,-7.83,-0.0,-0.0,-0.04,18.57,inf,Obstacle is driving toward the ego car longitudinally. No lateral relative motion.
103.0,20061.0,Front-right,135.23,-126.69,130.72,-125.08,-7.83,0.0,-0.0,-0.04,16.7,inf,Obstacle is driving toward the ego car longitudinally. No lateral relative motion.
103.0,20062.0,Front-right,51.92,-7.03,47.41,-5.42,-7.64,-0.04,0.19,0.55,6.21,inf,Obstacle is driving toward the ego car longitudinally. Obstacle is moving away laterally to the right.
103.0,20063.0,Front-right,44.03,-5.3,39.52,-3.69,-6.39,-0.3,0.37,1.24,6.18,inf,Obstacle is driving toward the ego car longitudinally. Obstacle is moving away laterally to the right.
103.0,20064.0,Front-right,134.19,-133.69,129.68,-132.08,-7.8,0.18,-0.45,0.07,16.63,718.29,Obstacle is driving toward the ego car longitudinally. Obstacle is driving toward the ego car laterally from the right.
103.0,20066.0,Front-right,133.06,-141.29,128.55,-139.68,-7.72,0.74,-0.33,0.04,16.66,189.68,Obstacle is driving toward the ego car longitudinally. Obstacle is driving toward the ego car laterally from the right.
104.0,20003.0,Front-right,136.15,-27.03,131.64,-25.42,-5.24,-0.45,-0.32,-1.24,25.15,inf,Obstacle is driving toward the ego car longitudinally. Obstacle is moving away laterally to the right.
104.0,20007.0,Front-right,126.79,-25.35,122.29,-23.74,-7.34,-0.1,-0.22,-0.75,16.67,inf,Obstacle is driving toward the ego car longitudinally. Obstacle is moving away laterally to the right.
104.0,20013.0,Front-right,119.75,-23.87,115.24,-22.26,-7.82,-0.0,-0.0,-0.03,14.74,inf,Obstacle is driving toward the ego car longitudinally. No lateral relative motion.
104.0,20017.0,Front-right,112.93,-22.36,108.42,-20.75,-7.82,-0.0,-0.0,-0.03,13.86,inf,Obstacle is driving toward the ego car longitudinally. No lateral relative motion.
104.0,20019.0,Front-right,106.14,-20.73,101.64,-19.12,-7.82,-0.0,-0.0,-0.03,13.0,inf,Obstacle is driving toward the ego car longitudinally. No lateral relative motion.
104.0,20021.0,Front-right,99.36,-19.07,94.85,-17.46,-7.82,-0.0,-0.0,-0.03,12.13,inf,Obstacle is driving toward the ego car longitudinally. No lateral relative motion.
104.0,20025.0,Front-right,92.61,-17.32,88.1,-15.71,-7.82,-0.0,-0.0,-0.03,11.27,inf,Obstacle is driving toward the ego car longitudinally. No lateral relative motion.
104.0,20035.0,Front-right,85.85,-15.57,81.34,-13.96,-7.82,-0.0,-0.0,-0.03,10.4,inf,Obstacle is driving toward the ego car longitudinally. No lateral relative motion.
104.0,20039.0,Front-right,79.1,-13.82,74.59,-12.21,-7.82,-0.0,-0.0,-0.03,9.54,inf,Obstacle is driving toward the ego car longitudinally. No lateral relative motion.
104.0,20044.0,Rear-right,-84.89,-35.37,-80.38,-33.76,-18.0,-10.4,-0.01,-0.02,inf,inf,Obstacle is moving away longitudinally. Obstacle is moving away laterally to the right.
104.0,20045.0,Front-right,147.19,-41.5,142.68,-39.89,-7.82,0.0,-0.0,-0.03,18.24,inf,Obstacle is driving toward the ego car longitudinally. No lateral relative motion.
104.0,20047.0,Front-right,146.19,-48.41,141.68,-46.8,-7.82,0.0,-0.0,-0.03,18.12,inf,Obstacle is driving toward the ego car longitudinally. No lateral relative motion.
104.0,20049.0,Front-right,144.35,-61.12,139.84,-59.51,-7.82,0.0,-0.0,-0.03,17.88,inf,Obstacle is driving toward the ego car longitudinally. No lateral relative motion.
104.0,20050.0,Front-right,143.07,-69.96,138.56,-68.35,-7.82,0.0,-0.0,-0.03,17.72,inf,Obstacle is driving toward the ego car longitudinally. No lateral relative motion.
104.0,20051.0,Front-right,142.07,-76.87,137.56,-75.26,-7.82,0.0,-0.0,-0.03,17.59,inf,Obstacle is driving toward the ego car longitudinally. No lateral relative motion.
104.0,20052.0,Front-right,141.06,-83.79,136.56,-82.18,-7.82,0.0,-0.0,-0.03,17.46,inf,Obstacle is driving toward the ego car longitudinally. No lateral relative motion.
104.0,20053.0,Front-right,140.06,-90.71,135.55,-89.1,-7.82,0.0,-0.0,-0.03,17.33,inf,Obstacle is driving toward the ego car longitudinally. No lateral relative motion.
104.0,20054.0,Front-right,66.67,-10.6,62.16,-8.99,-7.82,-0.0,-0.0,-0.03,7.95,inf,Obstacle is driving toward the ego car longitudinally. No lateral relative motion.
104.0,20055.0,Front-right,138.22,-103.43,133.71,-101.82,-7.82,0.0,-0.0,-0.03,17.1,inf,Obstacle is driving toward the ego car longitudinally. No lateral relative motion.
104.0,20056.0,Front-right,136.94,-112.3,132.43,-110.69,-7.82,0.0,-0.0,-0.03,16.93,inf,Obstacle is driving toward the ego car longitudinally. No lateral relative motion.
104.0,20057.0,Front-right,147.96,-12.95,143.46,-11.34,-7.82,-0.0,-0.0,-0.03,18.34,inf,Obstacle is driving toward the ego car longitudinally. No lateral relative motion.
104.0,20058.0,Front-right,135.93,-119.23,131.42,-117.62,-7.82,0.0,-0.0,-0.03,16.81,inf,Obstacle is driving toward the ego car longitudinally. No lateral relative motion.
104.0,20059.0,Front-right,58.01,-8.44,53.5,-6.83,-7.82,-0.0,-0.0,-0.03,6.84,inf,Obstacle is driving toward the ego car longitudinally. No lateral relative motion.
104.0,20060.0,Front-right,149.1,-6.07,144.59,-4.46,-7.82,-0.0,-0.0,-0.03,18.49,inf,Obstacle is driving toward the ego car longitudinally. No lateral relative motion.
104.0,20061.0,Front-right,134.93,-126.17,130.42,-124.56,-7.82,0.0,-0.0,-0.03,16.68,inf,Obstacle is driving toward the ego car longitudinally. No lateral relative motion.
104.0,20062.0,Front-right,51.18,-6.84,46.67,-5.23,-7.67,-0.04,0.12,0.33,6.08,inf,Obstacle is driving toward the ego car longitudinally. Obstacle is moving away laterally to the right.
104.0,20063.0,Front-right,43.41,-5.16,38.9,-3.55,-6.49,-0.27,0.31,1.03,5.99,inf,Obstacle is driving toward the ego car longitudinally. Obstacle is moving away laterally to the right.
104.0,20064.0,Front-right,133.92,-133.16,129.41,-131.55,-7.8,0.15,-0.31,0.04,16.59,863.68,Obstacle is driving toward the ego car longitudinally. Obstacle is driving toward the ego car laterally from the right.
104.0,20066.0,Front-right,132.82,-140.71,128.31,-139.1,-7.72,0.7,-0.39,0.06,16.62,199.59,Obstacle is driving toward the ego car longitudinally. Obstacle is driving toward the ego car laterally from the right.
105.0,20003.0,Front-right,135.78,-26.31,131.28,-24.7,-5.1,-0.46,-0.32,-1.25,25.72,inf,Obstacle is driving toward the ego car longitudinally. Obstacle is moving away laterally to the right.
105.0,20007.0,Front-right,126.2,-24.65,121.7,-23.04,-7.26,-0.11,-0.22,-0.76,16.77,inf,Obstacle is driving toward the ego car longitudinally. Obstacle is moving away laterally to the right.
105.0,20013.0,Front-right,119.1,-23.2,114.59,-21.59,-7.81,-0.0,-0.0,-0.05,14.66,inf,Obstacle is driving toward the ego car longitudinally. No lateral relative motion.
105.0,20017.0,Front-right,112.27,-21.73,107.77,-20.12,-7.81,-0.0,-0.0,-0.05,13.79,inf,Obstacle is driving toward the ego car longitudinally. No lateral relative motion.
105.0,20019.0,Front-right,105.48,-20.14,100.97,-18.53,-7.81,-0.0,-0.0,-0.05,12.92,inf,Obstacle is driving toward the ego car longitudinally. No lateral relative motion.
105.0,20021.0,Front-right,98.69,-18.52,94.18,-16.91,-7.81,-0.0,-0.0,-0.05,12.05,inf,Obstacle is driving toward the ego car longitudinally. No lateral relative motion.
105.0,20025.0,Front-right,91.92,-16.8,87.41,-15.19,-7.81,-0.0,-0.0,-0.05,11.19,inf,Obstacle is driving toward the ego car longitudinally. No lateral relative motion.
105.0,20035.0,Front-right,85.15,-15.09,80.64,-13.48,-7.81,-0.0,-0.0,-0.05,10.32,inf,Obstacle is driving toward the ego car longitudinally. No lateral relative motion.
105.0,20039.0,Front-right,78.39,-13.38,73.88,-11.77,-7.81,-0.0,-0.0,-0.05,9.45,inf,Obstacle is driving toward the ego car longitudinally. No lateral relative motion.
105.0,20044.0,Rear-right,-86.48,-36.89,-81.98,-35.28,-17.94,-10.46,-0.01,-0.03,inf,inf,Obstacle is moving away longitudinally. Obstacle is moving away laterally to the right.
105.0,20045.0,Front-right,146.64,-40.68,142.13,-39.07,-7.81,0.0,-0.0,-0.05,18.19,inf,Obstacle is driving toward the ego car longitudinally. No lateral relative motion.
105.0,20047.0,Front-right,145.67,-47.59,141.17,-45.98,-7.81,0.0,-0.0,-0.05,18.07,inf,Obstacle is driving toward the ego car longitudinally. No lateral relative motion.
105.0,20049.0,Front-right,143.9,-60.31,139.4,-58.7,-7.81,0.0,-0.0,-0.05,17.84,inf,Obstacle is driving toward the ego car longitudinally. No lateral relative motion.
105.0,20050.0,Front-right,142.67,-69.16,138.17,-67.55,-7.81,0.0,-0.0,-0.05,17.68,inf,Obstacle is driving toward the ego car longitudinally. No lateral relative motion.
105.0,20051.0,Front-right,141.71,-76.08,137.2,-74.47,-7.81,0.0,-0.0,-0.05,17.56,inf,Obstacle is driving toward the ego car longitudinally. No lateral relative motion.
105.0,20052.0,Front-right,140.75,-83.0,136.24,-81.39,-7.81,0.0,-0.0,-0.05,17.43,inf,Obstacle is driving toward the ego car longitudinally. No lateral relative motion.
105.0,20053.0,Front-right,139.79,-89.93,135.28,-88.32,-7.81,0.0,-0.0,-0.05,17.31,inf,Obstacle is driving toward the ego car longitudinally. No lateral relative motion.
105.0,20054.0,Front-right,65.95,-10.23,61.44,-8.62,-7.81,-0.0,-0.0,-0.05,7.86,inf,Obstacle is driving toward the ego car longitudinally. No lateral relative motion.
105.0,20055.0,Front-right,138.01,-102.66,133.51,-101.05,-7.81,0.0,-0.0,-0.05,17.09,inf,Obstacle is driving toward the ego car longitudinally. No lateral relative motion.
105.0,20056.0,Front-right,136.78,-111.53,132.27,-109.92,-7.81,0.0,-0.0,-0.05,16.93,inf,Obstacle is driving toward the ego car longitudinally. No lateral relative motion.
105.0,20057.0,Front-right,147.25,-12.12,142.74,-10.51,-7.81,-0.0,-0.0,-0.05,18.27,inf,Obstacle is driving toward the ego car longitudinally. No lateral relative motion.
105.0,20058.0,Front-right,135.82,-118.47,131.31,-116.86,-7.81,0.0,-0.0,-0.05,16.8,inf,Obstacle is driving toward the ego car longitudinally. No lateral relative motion.
105.0,20059.0,Front-right,57.27,-8.11,52.76,-6.5,-7.81,-0.0,-0.0,-0.05,6.75,inf,Obstacle is driving toward the ego car longitudinally. No lateral relative motion.
105.0,20060.0,Front-right,148.35,-5.23,143.84,-3.62,-7.81,-0.0,-0.0,-0.05,18.41,inf,Obstacle is driving toward the ego car longitudinally. No lateral relative motion.
105.0,20061.0,Front-right,134.85,-125.42,130.34,-123.81,-7.81,0.0,-0.0,-0.05,16.68,inf,Obstacle is driving toward the ego car longitudinally. No lateral relative motion.
105.0,20062.0,Front-right,50.45,-6.56,45.94,-4.95,-7.7,-0.03,0.11,0.32,5.97,inf,Obstacle is driving toward the ego car longitudinally. Obstacle is moving away laterally to the right.
105.0,20063.0,Front-right,42.78,-4.94,38.27,-3.33,-6.59,-0.24,0.3,1.01,5.81,inf,Obstacle is driving toward the ego car longitudinally. Obstacle is moving away laterally to the right.
105.0,20064.0,Front-right,133.88,-132.39,129.37,-130.78,-7.8,0.12,-0.31,0.03,16.59,1082.32,Obstacle is driving toward the ego car longitudinally. Obstacle is driving toward the ego car laterally from the right.
105.0,20066.0,Front-right,132.83,-139.9,128.33,-138.29,-7.72,0.66,-0.4,0.04,16.62,210.27,Obstacle is driving toward the ego car longitudinally. Obstacle is driving toward the ego car laterally from the right.
106.0,20003.0,Front-right,135.51,-25.14,131.0,-23.53,-5.09,-0.43,-0.33,-1.28,25.75,inf,Obstacle is driving toward the ego car longitudinally. Obstacle is moving away laterally to the right.
106.0,20007.0,Front-right,125.7,-23.53,121.19,-21.92,-7.17,-0.12,-0.22,-0.8,16.9,inf,Obstacle is driving toward the ego car longitudinally. Obstacle is moving away laterally to the right.
106.0,20013.0,Front-right,118.52,-22.14,114.01,-20.53,-7.8,-0.0,-0.01,-0.08,14.61,inf,Obstacle is driving toward the ego car longitudinally. No lateral relative motion.
106.0,20017.0,Front-right,111.68,-20.72,107.17,-19.11,-7.8,-0.0,-0.01,-0.08,13.74,inf,Obstacle is driving toward the ego car longitudinally. No lateral relative motion.
106.0,20019.0,Front-right,104.87,-19.19,100.36,-17.58,-7.8,-0.0,-0.01,-0.08,12.86,inf,Obstacle is driving toward the ego car longitudinally. No lateral relative motion.
106.0,20021.0,Front-right,98.07,-17.63,93.56,-16.02,-7.8,-0.0,-0.01,-0.08,11.99,inf,Obstacle is driving toward the ego car longitudinally. No lateral relative motion.
106.0,20025.0,Front-right,91.28,-15.98,86.78,-14.37,-7.8,-0.0,-0.01,-0.08,11.12,inf,Obstacle is driving toward the ego car longitudinally. No lateral relative motion.
106.0,20035.0,Front-right,84.5,-14.33,79.99,-12.72,-7.8,-0.0,-0.01,-0.08,10.25,inf,Obstacle is driving toward the ego car longitudinally. No lateral relative motion.
106.0,20039.0,Front-right,77.73,-12.68,73.22,-11.07,-7.8,-0.0,-0.01,-0.08,9.38,inf,Obstacle is driving toward the ego car longitudinally. No lateral relative motion.
106.0,20044.0,Rear-right,-87.95,-38.7,-83.45,-37.09,-18.27,-10.11,-0.02,-0.07,inf,inf,Obstacle is moving away longitudinally. Obstacle is moving away laterally to the right.
106.0,20045.0,Front-right,146.21,-39.36,141.7,-37.75,-7.8,0.0,-0.01,-0.08,18.16,inf,Obstacle is driving toward the ego car longitudinally. No lateral relative motion.
106.0,20047.0,Front-right,145.31,-46.29,140.8,-44.68,-7.8,0.0,-0.01,-0.08,18.05,inf,Obstacle is driving toward the ego car longitudinally. No lateral relative motion.
106.0,20049.0,Front-right,143.66,-59.02,139.15,-57.41,-7.8,0.0,-0.01,-0.08,17.84,inf,Obstacle is driving toward the ego car longitudinally. No lateral relative motion.
106.0,20050.0,Front-right,142.5,-67.88,138.0,-66.27,-7.8,0.0,-0.01,-0.08,17.69,inf,Obstacle is driving toward the ego car longitudinally. No lateral relative motion.
106.0,20051.0,Front-right,141.6,-74.81,137.1,-73.2,-7.8,0.0,-0.01,-0.08,17.57,inf,Obstacle is driving toward the ego car longitudinally. No lateral relative motion.
106.0,20052.0,Front-right,140.7,-81.74,136.2,-80.13,-7.8,0.0,-0.01,-0.08,17.46,inf,Obstacle is driving toward the ego car longitudinally. No lateral relative motion.
106.0,20053.0,Front-right,139.8,-88.67,135.29,-87.06,-7.8,0.0,-0.01,-0.08,17.34,inf,Obstacle is driving toward the ego car longitudinally. No lateral relative motion.
106.0,20054.0,Front-right,65.25,-9.64,60.74,-8.03,-7.8,-0.0,-0.01,-0.08,7.79,inf,Obstacle is driving toward the ego car longitudinally. No lateral relative motion.
106.0,20055.0,Front-right,138.14,-101.42,133.64,-99.81,-7.8,0.0,-0.01,-0.08,17.13,inf,Obstacle is driving toward the ego car longitudinally. No lateral relative motion.
106.0,20056.0,Front-right,136.99,-110.3,132.48,-108.69,-7.8,0.0,-0.01,-0.08,16.98,inf,Obstacle is driving toward the ego car longitudinally. No lateral relative motion.
106.0,20057.0,Front-right,146.57,-10.81,142.07,-9.2,-7.8,-0.0,-0.01,-0.08,18.21,inf,Obstacle is driving toward the ego car longitudinally. No lateral relative motion.
106.0,20058.0,Front-right,136.09,-117.25,131.58,-115.64,-7.8,0.0,-0.01,-0.08,16.87,inf,Obstacle is driving toward the ego car longitudinally. No lateral relative motion.
106.0,20059.0,Front-right,56.56,-7.6,52.05,-5.99,-7.8,-0.0,-0.01,-0.08,6.67,inf,Obstacle is driving toward the ego car longitudinally. No lateral relative motion.
106.0,20060.0,Front-right,147.61,-3.91,143.1,-2.3,-7.8,-0.0,-0.01,-0.08,18.34,inf,Obstacle is driving toward the ego car longitudinally. No lateral relative motion.
106.0,20061.0,Front-right,135.18,-124.21,130.68,-122.6,-7.8,0.0,-0.01,-0.08,16.75,inf,Obstacle is driving toward the ego car longitudinally. No lateral relative motion.
106.0,20062.0,Front-right,49.73,-6.11,45.23,-4.5,-7.73,-0.02,0.11,0.29,5.85,inf,Obstacle is driving toward the ego car longitudinally. Obstacle is moving away laterally to the right.
106.0,20063.0,Front-right,42.16,-4.58,37.65,-2.97,-6.69,-0.21,0.3,0.98,5.63,inf,Obstacle is driving toward the ego car longitudinally. Obstacle is moving away laterally to the right.
106.0,20064.0,Front-right,134.28,-131.18,129.77,-129.57,-7.79,0.09,-0.32,-0.01,16.66,1450.18,Obstacle is driving toward the ego car longitudinally. Obstacle is driving toward the ego car laterally from the right.
106.0,20066.0,Front-right,133.31,-138.64,128.8,-137.03,-7.72,0.62,-0.4,0.01,16.68,221.52,Obstacle is driving toward the ego car longitudinally. Obstacle is driving toward the ego car laterally from the right.
107.0,20003.0,Front-right,135.32,-23.53,130.81,-21.92,-4.94,-0.42,-0.33,-1.31,26.48,inf,Obstacle is driving toward the ego car longitudinally. Obstacle is moving away laterally to the right.
107.0,20007.0,Front-right,125.26,-22.01,120.75,-20.4,-7.08,-0.13,-0.23,-0.82,17.06,inf,Obstacle is driving toward the ego car longitudinally. Obstacle is moving away laterally to the right.
107.0,20013.0,Front-right,118.0,-20.69,113.49,-19.08,-7.78,-0.0,-0.01,-0.11,14.58,inf,Obstacle is driving toward the ego car longitudinally. No lateral relative motion.
107.0,20017.0,Front-right,111.14,-19.36,106.64,-17.75,-7.78,-0.0,-0.01,-0.11,13.7,inf,Obstacle is driving toward the ego car longitudinally. No lateral relative motion.
107.0,20019.0,Front-right,104.32,-17.91,99.81,-16.3,-7.78,-0.0,-0.01,-0.11,12.82,inf,Obstacle is driving toward the ego car longitudinally. No lateral relative motion.
107.0,20021.0,Front-right,97.49,-16.44,92.98,-14.83,-7.78,-0.0,-0.01,-0.11,11.95,inf,Obstacle is driving toward the ego car longitudinally. No lateral relative motion.
107.0,20025.0,Front-right,90.69,-14.87,86.18,-13.26,-7.78,-0.0,-0.01,-0.11,11.07,inf,Obstacle is driving toward the ego car longitudinally. No lateral relative motion.
107.0,20035.0,Front-right,83.89,-13.3,79.38,-11.69,-7.78,-0.0,-0.01,-0.11,10.2,inf,Obstacle is driving toward the ego car longitudinally. No lateral relative motion.
107.0,20039.0,Front-right,77.09,-11.73,72.59,-10.12,-7.78,-0.0,-0.01,-0.11,9.33,inf,Obstacle is driving toward the ego car longitudinally. No lateral relative motion.
107.0,20044.0,Rear-right,-89.29,-40.8,-84.78,-39.19,-18.13,-10.24,-0.02,-0.1,inf,inf,Obstacle is moving away longitudinally. Obstacle is moving away laterally to the right.
107.0,20045.0,Front-right,145.9,-37.58,141.39,-35.97,-7.78,0.0,-0.01,-0.11,18.17,inf,Obstacle is driving toward the ego car longitudinally. No lateral relative motion.
107.0,20047.0,Front-right,145.08,-44.51,140.58,-42.9,-7.78,0.0,-0.01,-0.11,18.06,inf,Obstacle is driving toward the ego car longitudinally. No lateral relative motion.
107.0,20049.0,Front-right,143.58,-57.26,139.08,-55.65,-7.78,0.0,-0.01,-0.11,17.87,inf,Obstacle is driving toward the ego car longitudinally. No lateral relative motion.
107.0,20050.0,Front-right,142.54,-66.14,138.03,-64.53,-7.78,0.0,-0.01,-0.11,17.73,inf,Obstacle is driving toward the ego car longitudinally. No lateral relative motion.
107.0,20051.0,Front-right,141.73,-73.07,137.22,-71.46,-7.78,0.0,-0.01,-0.11,17.63,inf,Obstacle is driving toward the ego car longitudinally. No lateral relative motion.
107.0,20052.0,Front-right,140.91,-80.01,136.4,-78.4,-7.78,0.0,-0.01,-0.11,17.52,inf,Obstacle is driving toward the ego car longitudinally. No lateral relative motion.
107.0,20053.0,Front-right,140.09,-86.96,135.58,-85.35,-7.78,0.0,-0.01,-0.11,17.42,inf,Obstacle is driving toward the ego car longitudinally. No lateral relative motion.
107.0,20054.0,Front-right,64.58,-8.84,60.08,-7.23,-7.78,-0.0,-0.01,-0.11,7.72,inf,Obstacle is driving toward the ego car longitudinally. No lateral relative motion.
107.0,20055.0,Front-right,138.59,-99.73,134.08,-98.12,-7.78,0.0,-0.01,-0.11,17.23,inf,Obstacle is driving toward the ego car longitudinally. No lateral relative motion.
107.0,20056.0,Front-right,137.55,-108.62,133.04,-107.01,-7.78,0.0,-0.01,-0.11,17.09,inf,Obstacle is driving toward the ego car longitudinally. No lateral relative motion.
107.0,20057.0,Front-right,145.91,-9.02,141.41,-7.41,-7.78,-0.0,-0.01,-0.11,18.17,inf,Obstacle is driving toward the ego car longitudinally. No lateral relative motion.
107.0,20058.0,Front-right,136.73,-115.58,132.22,-113.97,-7.78,0.0,-0.01,-0.11,16.99,inf,Obstacle is driving toward the ego car longitudinally. No lateral relative motion.
107.0,20059.0,Front-right,55.87,-6.91,51.36,-5.3,-7.78,-0.0,-0.01,-0.11,6.6,inf,Obstacle is driving toward the ego car longitudinally. No lateral relative motion.
107.0,20060.0,Front-right,146.87,-2.1,142.36,-0.49,-7.78,-0.0,-0.01,-0.11,18.29,inf,Obstacle is driving toward the ego car longitudinally. No lateral relative motion.
107.0,20061.0,Front-right,135.91,-122.55,131.4,-120.94,-7.78,0.0,-0.01,-0.11,16.88,inf,Obstacle is driving toward the ego car longitudinally. No lateral relative motion.
107.0,20062.0,Front-right,49.03,-5.5,44.52,-3.89,-7.75,-0.01,0.11,0.26,5.75,inf,Obstacle is driving toward the ego car longitudinally. Obstacle is moving away laterally to the right.
107.0,20063.0,Front-right,41.54,-4.08,37.03,-2.47,-6.77,-0.18,0.3,0.95,5.47,inf,Obstacle is driving toward the ego car longitudinally. Obstacle is moving away laterally to the right.
107.0,20064.0,Front-right,135.09,-129.53,130.58,-127.92,-7.78,0.06,-0.32,-0.03,16.79,2212.99,Obstacle is driving toward the ego car longitudinally. Obstacle is driving toward the ego car laterally from the right.
107.0,20066.0,Front-right,134.21,-136.95,129.71,-135.34,-7.72,0.58,-0.4,-0.01,16.81,233.5,Obstacle is driving toward the ego car longitudinally. Obstacle is driving toward the ego car laterally from the right.
108.0,20003.0,Front-right,135.01,-22.59,130.5,-20.98,-4.93,-0.4,-0.32,-1.26,26.49,inf,Obstacle is driving toward the ego car longitudinally. Obstacle is moving away laterally to the right.
108.0,20007.0,Front-right,124.71,-21.12,120.2,-19.51,-6.99,-0.14,-0.22,-0.77,17.19,inf,Obstacle is driving toward the ego car longitudinally. Obstacle is moving away laterally to the right.
108.0,20013.0,Front-right,117.36,-19.84,112.86,-18.23,-7.77,-0.0,-0.01,-0.05,14.52,inf,Obstacle is driving toward the ego car longitudinally. No lateral relative motion.
108.0,20017.0,Front-right,110.5,-18.55,105.99,-16.94,-7.77,-0.0,-0.01,-0.05,13.64,inf,Obstacle is driving toward the ego car longitudinally. No lateral relative motion.
108.0,20019.0,Front-right,103.66,-17.16,99.15,-15.55,-7.77,-0.0,-0.01,-0.05,12.76,inf,Obstacle is driving toward the ego car longitudinally. No lateral relative motion.
108.0,20021.0,Front-right,96.83,-15.73,92.32,-14.12,-7.77,-0.0,-0.01,-0.05,11.88,inf,Obstacle is driving toward the ego car longitudinally. No lateral relative motion.
108.0,20025.0,Front-right,90.02,-14.21,85.51,-12.6,-7.77,-0.0,-0.01,-0.05,11.0,inf,Obstacle is driving toward the ego car longitudinally. No lateral relative motion.
108.0,20035.0,Front-right,83.2,-12.69,78.7,-11.08,-7.77,-0.0,-0.01,-0.05,10.12,inf,Obstacle is driving toward the ego car longitudinally. No lateral relative motion.
108.0,20039.0,Front-right,76.4,-11.17,71.89,-9.56,-7.77,-0.0,-0.01,-0.05,9.25,inf,Obstacle is driving toward the ego car longitudinally. No lateral relative motion.
108.0,20044.0,Rear-right,-90.8,-42.47,-86.3,-40.86,-18.05,-10.32,-0.01,-0.04,inf,inf,Obstacle is moving away longitudinally. Obstacle is moving away laterally to the right.
108.0,20045.0,Front-right,145.39,-36.52,140.88,-34.91,-7.77,0.0,-0.01,-0.05,18.12,inf,Obstacle is driving toward the ego car longitudinally. No lateral relative motion.
108.0,20047.0,Front-right,144.62,-43.46,140.11,-41.85,-7.77,0.0,-0.01,-0.05,18.02,inf,Obstacle is driving toward the ego car longitudinally. No lateral relative motion.
108.0,20049.0,Front-right,143.22,-56.22,138.71,-54.61,-7.77,0.0,-0.01,-0.05,17.84,inf,Obstacle is driving toward the ego car longitudinally. No lateral relative motion.
108.0,20050.0,Front-right,142.24,-65.11,137.73,-63.5,-7.77,0.0,-0.01,-0.05,17.72,inf,Obstacle is driving toward the ego car longitudinally. No lateral relative motion.
108.0,20051.0,Front-right,141.47,-72.05,136.96,-70.44,-7.77,0.0,-0.01,-0.05,17.62,inf,Obstacle is driving toward the ego car longitudinally. No lateral relative motion.
108.0,20052.0,Front-right,140.7,-79.0,136.2,-77.39,-7.77,0.0,-0.01,-0.05,17.52,inf,Obstacle is driving toward the ego car longitudinally. No lateral relative motion.
108.0,20053.0,Front-right,139.94,-85.95,135.43,-84.34,-7.77,0.0,-0.01,-0.05,17.42,inf,Obstacle is driving toward the ego car longitudinally. No lateral relative motion.
108.0,20054.0,Front-right,63.87,-8.37,59.36,-6.76,-7.77,-0.0,-0.01,-0.05,7.64,inf,Obstacle is driving toward the ego car longitudinally. No lateral relative motion.
108.0,20055.0,Front-right,138.53,-98.73,134.02,-97.12,-7.77,0.0,-0.01,-0.05,17.24,inf,Obstacle is driving toward the ego car longitudinally. No lateral relative motion.
108.0,20056.0,Front-right,137.55,-107.63,133.04,-106.02,-7.77,0.0,-0.01,-0.05,17.11,inf,Obstacle is driving toward the ego car longitudinally. No lateral relative motion.
108.0,20057.0,Front-right,145.2,-7.96,140.69,-6.35,-7.77,-0.0,-0.01,-0.05,18.1,inf,Obstacle is driving toward the ego car longitudinally. No lateral relative motion.
108.0,20058.0,Front-right,136.78,-114.59,132.27,-112.98,-7.77,0.0,-0.01,-0.05,17.02,inf,Obstacle is driving toward the ego car longitudinally. No lateral relative motion.
108.0,20059.0,Front-right,55.14,-6.51,50.63,-4.9,-7.77,-0.0,-0.01,-0.05,6.51,inf,Obstacle is driving toward the ego car longitudinally. No lateral relative motion.
108.0,20060.0,Front,146.1,-1.05,141.59,0.0,-7.77,-0.0,-0.01,-0.05,18.21,0.0,Obstacle is driving toward the ego car longitudinally. Exact lateral alignment or unknown case.
108.0,20061.0,Front-right,136.01,-121.56,131.5,-119.95,-7.77,0.0,-0.01,-0.05,16.92,inf,Obstacle is driving toward the ego car longitudinally. No lateral relative motion.
108.0,20062.0,Front-right,48.29,-5.15,43.78,-3.54,-7.77,-0.0,0.11,0.32,5.63,inf,Obstacle is driving toward the ego car longitudinally. Obstacle is moving away laterally to the right.
108.0,20063.0,Front-right,40.88,-3.8,36.37,-2.19,-6.87,-0.15,0.3,1.01,5.29,inf,Obstacle is driving toward the ego car longitudinally. Obstacle is moving away laterally to the right.
108.0,20064.0,Front-right,135.24,-128.54,130.73,-126.93,-7.77,0.03,-0.32,0.02,16.82,4855.6,Obstacle is driving toward the ego car longitudinally. Obstacle is driving toward the ego car laterally from the right.
108.0,20066.0,Front-right,134.43,-135.92,129.92,-134.31,-7.71,0.54,-0.4,0.04,16.84,248.71,Obstacle is driving toward the ego car longitudinally. Obstacle is driving toward the ego car laterally from the right.
109.0,20003.0,Front-right,134.66,-21.94,130.15,-20.33,-4.79,-0.4,-0.32,-1.25,27.16,inf,Obstacle is driving toward the ego car longitudinally. Obstacle is moving away laterally to the right.
109.0,20007.0,Front-right,124.12,-20.49,119.62,-18.88,-6.9,-0.15,-0.26,-0.88,17.35,inf,Obstacle is driving toward the ego car longitudinally. Obstacle is moving away laterally to the right.
109.0,20013.0,Front-right,116.69,-19.23,112.18,-17.62,-7.75,-0.0,-0.06,-0.23,14.48,inf,Obstacle is driving toward the ego car longitudinally. Obstacle is moving away laterally to the right.
109.0,20017.0,Front-right,109.82,-17.99,105.31,-16.38,-7.76,-0.0,-0.01,-0.04,13.56,inf,Obstacle is driving toward the ego car longitudinally. No lateral relative motion.
109.0,20019.0,Front-right,102.97,-16.63,98.46,-15.02,-7.76,-0.0,-0.01,-0.04,12.68,inf,Obstacle is driving toward the ego car longitudinally. No lateral relative motion.
109.0,20021.0,Front-right,96.13,-15.23,91.62,-13.62,-7.76,-0.0,-0.01,-0.04,11.8,inf,Obstacle is driving toward the ego car longitudinally. No lateral relative motion.
109.0,20025.0,Front-right,89.31,-13.75,84.8,-12.14,-7.76,-0.0,-0.01,-0.04,10.92,inf,Obstacle is driving toward the ego car longitudinally. No lateral relative motion.
109.0,20035.0,Front-right,82.49,-12.26,77.98,-10.65,-7.76,-0.0,-0.01,-0.04,10.04,inf,Obstacle is driving toward the ego car longitudinally. No lateral relative motion.
109.0,20039.0,Front-right,75.67,-10.78,71.17,-9.17,-7.76,-0.0,-0.01,-0.04,9.17,inf,Obstacle is driving toward the ego car longitudinally. No lateral relative motion.
109.0,20044.0,Rear-right,-92.39,-43.98,-87.88,-42.37,-17.99,-10.37,-0.01,-0.03,inf,inf,Obstacle is moving away longitudinally. Obstacle is moving away laterally to the right.
109.0,20045.0,Front-right,144.8,-35.77,140.29,-34.16,-7.76,0.0,-0.01,-0.04,18.07,inf,Obstacle is driving toward the ego car longitudinally. No lateral relative motion.
109.0,20047.0,Front-right,144.07,-42.72,139.56,-41.11,-7.76,0.0,-0.01,-0.04,17.97,inf,Obstacle is driving toward the ego car longitudinally. No lateral relative motion.
109.0,20049.0,Front-right,142.72,-55.49,138.22,-53.88,-7.76,0.0,-0.01,-0.04,17.8,inf,Obstacle is driving toward the ego car longitudinally. No lateral relative motion.
109.0,20050.0,Front-right,141.79,-64.37,137.28,-62.76,-7.76,0.0,-0.01,-0.04,17.68,inf,Obstacle is driving toward the ego car longitudinally. No lateral relative motion.
109.0,20051.0,Front-right,141.06,-71.32,136.55,-69.71,-7.76,0.0,-0.01,-0.04,17.59,inf,Obstacle is driving toward the ego car longitudinally. No lateral relative motion.
109.0,20052.0,Front-right,140.33,-78.27,135.82,-76.66,-7.76,0.0,-0.01,-0.04,17.49,inf,Obstacle is driving toward the ego car longitudinally. No lateral relative motion.
109.0,20053.0,Front-right,139.6,-85.23,135.09,-83.62,-7.76,0.0,-0.01,-0.04,17.4,inf,Obstacle is driving toward the ego car longitudinally. No lateral relative motion.
109.0,20054.0,Front-right,63.13,-8.04,58.62,-6.43,-7.76,-0.0,-0.01,-0.04,7.55,inf,Obstacle is driving toward the ego car longitudinally. No lateral relative motion.
109.0,20055.0,Front-right,138.26,-98.01,133.75,-96.4,-7.76,0.0,-0.01,-0.04,17.23,inf,Obstacle is driving toward the ego car longitudinally. No lateral relative motion.
109.0,20056.0,Front-right,137.32,-106.92,132.81,-105.31,-7.76,0.0,-0.01,-0.04,17.1,inf,Obstacle is driving toward the ego car longitudinally. No lateral relative motion.
109.0,20057.0,Front-right,144.46,-7.22,139.95,-5.61,-7.76,-0.0,-0.01,-0.04,18.02,inf,Obstacle is driving toward the ego car longitudinally. No lateral relative motion.
109.0,20058.0,Front-right,136.59,-113.89,132.08,-112.28,-7.76,0.0,-0.01,-0.04,17.01,inf,Obstacle is driving toward the ego car longitudinally. No lateral relative motion.
109.0,20059.0,Front-right,54.39,-6.22,49.88,-4.61,-7.76,-0.0,-0.01,-0.04,6.42,inf,Obstacle is driving toward the ego car longitudinally. No lateral relative motion.
109.0,20060.0,Front,145.32,-0.29,140.82,0.0,-7.76,-0.0,-0.01,-0.04,18.14,0.0,Obstacle is driving toward the ego car longitudinally. Exact lateral alignment or unknown case.
109.0,20061.0,Front-right,135.85,-120.86,131.35,-119.25,-7.76,0.0,-0.01,-0.04,16.92,inf,Obstacle is driving toward the ego car longitudinally. No lateral relative motion.
109.0,20062.0,Front-right,47.54,-4.9,43.03,-3.29,-7.76,-0.0,-0.01,-0.04,5.54,inf,Obstacle is driving toward the ego car longitudinally. No lateral relative motion.
109.0,20063.0,Front-right,40.21,-3.6,35.7,-1.99,-6.95,-0.13,0.24,0.8,5.14,inf,Obstacle is driving toward the ego car longitudinally. Obstacle is moving away laterally to the right.
109.0,20064.0,Front-right,135.12,-127.85,130.61,-126.24,-7.76,0.01,-0.18,-0.0,16.82,15479.18,Obstacle is driving toward the ego car longitudinally. Obstacle is driving toward the ego car laterally from the right.
109.0,20066.0,Front-right,134.35,-135.17,129.84,-133.56,-7.71,0.5,-0.42,0.05,16.84,268.17,Obstacle is driving toward the ego car longitudinally. Obstacle is driving toward the ego car laterally from the right.
110.0,20003.0,Front-right,134.27,-21.6,129.76,-19.99,-4.78,-0.39,-0.32,-1.24,27.12,inf,Obstacle is driving toward the ego car longitudinally. Obstacle is moving away laterally to the right.
110.0,20007.0,Front-right,123.5,-20.14,118.99,-18.53,-6.8,-0.16,-0.26,-0.88,17.5,inf,Obstacle is driving toward the ego car longitudinally. Obstacle is moving away laterally to the right.
110.0,20013.0,Front-right,115.97,-18.9,111.46,-17.29,-7.72,-0.01,-0.06,-0.22,14.44,inf,Obstacle is driving toward the ego car longitudinally. Obstacle is moving away laterally to the right.
110.0,20017.0,Front-right,109.09,-17.67,104.59,-16.06,-7.76,-0.0,-0.0,-0.03,13.48,inf,Obstacle is driving toward the ego car longitudinally. No lateral relative motion.
110.0,20019.0,Front-right,102.24,-16.33,97.73,-14.72,-7.76,-0.0,-0.0,-0.03,12.6,inf,Obstacle is driving toward the ego car longitudinally. No lateral relative motion.
110.0,20021.0,Front-right,95.4,-14.96,90.89,-13.35,-7.76,-0.0,-0.0,-0.03,11.72,inf,Obstacle is driving toward the ego car longitudinally. No lateral relative motion.
110.0,20025.0,Front-right,88.57,-13.49,84.07,-11.88,-7.76,-0.0,-0.0,-0.03,10.84,inf,Obstacle is driving toward the ego car longitudinally. No lateral relative motion.
110.0,20035.0,Front-right,81.75,-12.02,77.24,-10.41,-7.76,-0.0,-0.0,-0.03,9.96,inf,Obstacle is driving toward the ego car longitudinally. No lateral relative motion.
110.0,20039.0,Front-right,74.93,-10.56,70.42,-8.95,-7.76,-0.0,-0.0,-0.03,9.08,inf,Obstacle is driving toward the ego car longitudinally. No lateral relative motion.
110.0,20044.0,Rear-right,-94.06,-45.28,-89.55,-43.67,-17.95,-10.4,-0.01,-0.02,inf,inf,Obstacle is moving away longitudinally. Obstacle is moving away laterally to the right.
110.0,20045.0,Front-right,144.12,-35.36,139.61,-33.75,-7.76,0.0,-0.0,-0.03,18.0,inf,Obstacle is driving toward the ego car longitudinally. No lateral relative motion.
110.0,20047.0,Front-right,143.41,-42.3,138.9,-40.69,-7.76,0.0,-0.0,-0.03,17.91,inf,Obstacle is driving toward the ego car longitudinally. No lateral relative motion.
110.0,20049.0,Front-right,142.11,-55.07,137.6,-53.46,-7.76,0.0,-0.0,-0.03,17.74,inf,Obstacle is driving toward the ego car longitudinally. No lateral relative motion.
110.0,20050.0,Front-right,141.2,-63.96,136.69,-62.35,-7.76,0.0,-0.0,-0.03,17.62,inf,Obstacle is driving toward the ego car longitudinally. No lateral relative motion.
110.0,20051.0,Front-right,140.49,-70.91,135.98,-69.3,-7.76,0.0,-0.0,-0.03,17.53,inf,Obstacle is driving toward the ego car longitudinally. No lateral relative motion.
110.0,20052.0,Front-right,139.78,-77.87,135.27,-76.26,-7.76,0.0,-0.0,-0.03,17.44,inf,Obstacle is driving toward the ego car longitudinally. No lateral relative motion.
110.0,20053.0,Front-right,139.07,-84.82,134.56,-83.21,-7.76,0.0,-0.0,-0.03,17.35,inf,Obstacle is driving toward the ego car longitudinally. No lateral relative motion.
110.0,20054.0,Front-right,62.38,-7.86,57.87,-6.25,-7.76,-0.0,-0.0,-0.03,7.46,inf,Obstacle is driving toward the ego car longitudinally. No lateral relative motion.
110.0,20055.0,Front-right,137.76,-97.61,133.25,-96.0,-7.76,0.0,-0.0,-0.03,17.18,inf,Obstacle is driving toward the ego car longitudinally. No lateral relative motion.
110.0,20056.0,Front-right,136.85,-106.52,132.34,-104.91,-7.76,0.0,-0.0,-0.03,17.06,inf,Obstacle is driving toward the ego car longitudinally. No lateral relative motion.
110.0,20057.0,Front-right,143.7,-6.8,139.19,-5.19,-7.76,-0.0,-0.0,-0.03,17.94,inf,Obstacle is driving toward the ego car longitudinally. No lateral relative motion.
110.0,20058.0,Front-right,136.14,-113.49,131.63,-111.88,-7.76,0.0,-0.0,-0.03,16.97,inf,Obstacle is driving toward the ego car longitudinally. No lateral relative motion.
110.0,20059.0,Front-right,53.63,-6.07,49.12,-4.46,-7.76,-0.0,-0.0,-0.03,6.33,inf,Obstacle is driving toward the ego car longitudinally. No lateral relative motion.
110.0,20060.0,Front,144.55,0.13,140.04,0.0,-7.76,-0.0,-0.0,-0.03,18.05,0.0,Obstacle is driving toward the ego car longitudinally. Exact lateral alignment or unknown case.
110.0,20061.0,Front-right,135.43,-120.47,130.92,-118.86,-7.76,0.0,-0.0,-0.03,16.88,inf,Obstacle is driving toward the ego car longitudinally. No lateral relative motion.
110.0,20062.0,Front-right,46.78,-4.76,42.27,-3.15,-7.76,-0.0,-0.0,-0.03,5.45,inf,Obstacle is driving toward the ego car longitudinally. No lateral relative motion.
110.0,20063.0,Front-right,39.52,-3.5,35.01,-1.89,-7.03,-0.12,0.24,0.8,4.98,inf,Obstacle is driving toward the ego car longitudinally. Obstacle is moving away laterally to the right.
110.0,20064.0,Front-right,134.71,-127.45,130.2,-125.84,-7.76,0.0,-0.0,-0.03,16.78,inf,Obstacle is driving toward the ego car longitudinally. No lateral relative motion.
110.0,20066.0,Front-right,133.97,-134.74,129.46,-133.13,-7.71,0.46,-0.42,0.06,16.79,292.05,Obstacle is driving toward the ego car longitudinally. Obstacle is driving toward the ego car laterally from the right.
111.0,20003.0,Front-right,133.84,-21.61,129.33,-20.0,-4.65,-0.41,-0.32,-1.25,27.79,inf,Obstacle is driving toward the ego car longitudinally. Obstacle is moving away laterally to the right.
111.0,20007.0,Front-right,122.83,-20.13,118.32,-18.52,-6.71,-0.17,-0.26,-0.89,17.64,inf,Obstacle is driving toward the ego car longitudinally. Obstacle is moving away laterally to the right.
111.0,20013.0,Front-right,115.2,-18.87,110.69,-17.26,-7.69,-0.01,-0.06,-0.24,14.39,inf,Obstacle is driving toward the ego car longitudinally. Obstacle is moving away laterally to the right.
111.0,20017.0,Front-right,108.32,-17.64,103.81,-16.03,-7.75,-0.0,-0.01,-0.05,13.39,inf,Obstacle is driving toward the ego car longitudinally. No lateral relative motion.
111.0,20019.0,Front-right,101.47,-16.3,96.96,-14.69,-7.75,-0.0,-0.01,-0.05,12.51,inf,Obstacle is driving toward the ego car longitudinally. No lateral relative motion.
111.0,20021.0,Front-right,94.63,-14.93,90.12,-13.32,-7.75,-0.0,-0.01,-0.05,11.63,inf,Obstacle is driving toward the ego car longitudinally. No lateral relative motion.
111.0,20025.0,Front-right,87.8,-13.47,83.29,-11.86,-7.75,-0.0,-0.01,-0.05,10.75,inf,Obstacle is driving toward the ego car longitudinally. No lateral relative motion.
111.0,20035.0,Front-right,80.98,-12.0,76.47,-10.39,-7.75,-0.0,-0.01,-0.05,9.87,inf,Obstacle is driving toward the ego car longitudinally. No lateral relative motion.
111.0,20039.0,Front-right,74.16,-10.54,69.65,-8.93,-7.75,-0.0,-0.01,-0.05,8.99,inf,Obstacle is driving toward the ego car longitudinally. No lateral relative motion.
111.0,20044.0,Rear-right,-95.85,-46.34,-91.35,-44.73,-18.44,-9.89,-0.01,-0.04,inf,inf,Obstacle is moving away longitudinally. Obstacle is moving away laterally to the right.
111.0,20045.0,Front-right,143.35,-35.32,138.85,-33.71,-7.75,0.0,-0.01,-0.05,17.91,inf,Obstacle is driving toward the ego car longitudinally. No lateral relative motion.
111.0,20047.0,Front-right,142.65,-42.27,138.14,-40.66,-7.75,0.0,-0.01,-0.05,17.82,inf,Obstacle is driving toward the ego car longitudinally. No lateral relative motion.
111.0,20049.0,Front-right,141.34,-55.04,136.84,-53.43,-7.75,0.0,-0.01,-0.05,17.65,inf,Obstacle is driving toward the ego car longitudinally. No lateral relative motion.
111.0,20050.0,Front-right,140.44,-63.93,135.93,-62.32,-7.75,0.0,-0.01,-0.05,17.54,inf,Obstacle is driving toward the ego car longitudinally. No lateral relative motion.
111.0,20051.0,Front-right,139.73,-70.88,135.22,-69.27,-7.75,0.0,-0.01,-0.05,17.45,inf,Obstacle is driving toward the ego car longitudinally. No lateral relative motion.
111.0,20052.0,Front-right,139.02,-77.83,134.51,-76.22,-7.75,0.0,-0.01,-0.05,17.35,inf,Obstacle is driving toward the ego car longitudinally. No lateral relative motion.
111.0,20053.0,Front-right,138.31,-84.79,133.8,-83.18,-7.75,0.0,-0.01,-0.05,17.26,inf,Obstacle is driving toward the ego car longitudinally. No lateral relative motion.
111.0,20054.0,Front-right,61.6,-7.85,57.1,-6.24,-7.75,-0.0,-0.01,-0.05,7.37,inf,Obstacle is driving toward the ego car longitudinally. No lateral relative motion.
111.0,20055.0,Front-right,137.01,-97.58,132.5,-95.97,-7.75,0.0,-0.01,-0.05,17.1,inf,Obstacle is driving toward the ego car longitudinally. No lateral relative motion.
111.0,20056.0,Front-right,136.1,-106.49,131.59,-104.88,-7.75,0.0,-0.01,-0.05,16.98,inf,Obstacle is driving toward the ego car longitudinally. No lateral relative motion.
111.0,20057.0,Front-right,142.93,-6.77,138.42,-5.16,-7.75,-0.0,-0.01,-0.05,17.86,inf,Obstacle is driving toward the ego car longitudinally. No lateral relative motion.
111.0,20058.0,Front-right,135.39,-113.46,130.88,-111.85,-7.75,0.0,-0.01,-0.05,16.89,inf,Obstacle is driving toward the ego car longitudinally. No lateral relative motion.
111.0,20059.0,Front-right,52.86,-6.05,48.35,-4.44,-7.75,-0.0,-0.01,-0.05,6.24,inf,Obstacle is driving toward the ego car longitudinally. No lateral relative motion.
111.0,20060.0,Front,143.77,0.16,139.26,0.0,-7.75,-0.0,-0.01,-0.05,17.97,0.0,Obstacle is driving toward the ego car longitudinally. Exact lateral alignment or unknown case.
111.0,20061.0,Front-right,134.68,-120.44,130.17,-118.83,-7.75,0.0,-0.01,-0.05,16.79,inf,Obstacle is driving toward the ego car longitudinally. No lateral relative motion.
111.0,20062.0,Front-right,46.0,-4.75,41.49,-3.14,-7.75,-0.0,-0.01,-0.05,5.35,inf,Obstacle is driving toward the ego car longitudinally. No lateral relative motion.
111.0,20063.0,Front-right,38.81,-3.5,34.3,-1.89,-7.11,-0.1,0.24,0.79,4.83,inf,Obstacle is driving toward the ego car longitudinally. Obstacle is moving away laterally to the right.
111.0,20064.0,Front-right,133.97,-127.42,129.46,-125.81,-7.75,0.0,-0.01,-0.05,16.7,inf,Obstacle is driving toward the ego car longitudinally. No lateral relative motion.
111.0,20066.0,Front-right,133.23,-134.66,128.72,-133.05,-7.71,0.41,-0.42,0.05,16.7,321.72,Obstacle is driving toward the ego car longitudinally. Obstacle is driving toward the ego car laterally from the right.
112.0,20003.0,Front-right,133.38,-21.9,128.87,-20.29,-4.64,-0.41,-0.33,-1.28,27.76,inf,Obstacle is driving toward the ego car longitudinally. Obstacle is moving away laterally to the right.
112.0,20007.0,Front-right,122.12,-20.38,117.61,-18.77,-6.61,-0.19,-0.26,-0.92,17.8,inf,Obstacle is driving toward the ego car longitudinally. Obstacle is moving away laterally to the right.
112.0,20013.0,Front-right,114.4,-19.08,109.89,-17.47,-7.66,-0.01,-0.07,-0.26,14.34,inf,Obstacle is driving toward the ego car longitudinally. Obstacle is moving away laterally to the right.
112.0,20017.0,Front-right,107.51,-17.84,103.01,-16.23,-7.74,-0.0,-0.01,-0.07,13.31,inf,Obstacle is driving toward the ego car longitudinally. No lateral relative motion.
112.0,20019.0,Front-right,100.66,-16.49,96.16,-14.88,-7.74,-0.0,-0.01,-0.07,12.43,inf,Obstacle is driving toward the ego car longitudinally. No lateral relative motion.
112.0,20021.0,Front-right,93.82,-15.11,89.31,-13.5,-7.74,-0.0,-0.01,-0.07,11.54,inf,Obstacle is driving toward the ego car longitudinally. No lateral relative motion.
112.0,20025.0,Front-right,87.0,-13.63,82.49,-12.02,-7.74,-0.0,-0.01,-0.07,10.66,inf,Obstacle is driving toward the ego car longitudinally. No lateral relative motion.
112.0,20035.0,Front-right,80.18,-12.15,75.67,-10.54,-7.74,-0.0,-0.01,-0.07,9.78,inf,Obstacle is driving toward the ego car longitudinally. No lateral relative motion.
112.0,20039.0,Front-right,73.36,-10.68,68.85,-9.07,-7.74,-0.0,-0.01,-0.07,8.9,inf,Obstacle is driving toward the ego car longitudinally. No lateral relative motion.
112.0,20045.0,Front-right,142.51,-35.58,138.01,-33.97,-7.74,0.0,-0.01,-0.07,17.83,inf,Obstacle is driving toward the ego car longitudinally. No lateral relative motion.
112.0,20047.0,Front-right,141.79,-42.53,137.28,-40.92,-7.74,0.0,-0.01,-0.07,17.74,inf,Obstacle is driving toward the ego car longitudinally. No lateral relative motion.
112.0,20049.0,Front-right,140.47,-55.3,135.96,-53.69,-7.74,0.0,-0.01,-0.07,17.57,inf,Obstacle is driving toward the ego car longitudinally. No lateral relative motion.
112.0,20050.0,Front-right,139.55,-64.19,135.04,-62.58,-7.74,0.0,-0.01,-0.07,17.45,inf,Obstacle is driving toward the ego car longitudinally. No lateral relative motion.
112.0,20051.0,Front-right,138.82,-71.14,134.32,-69.53,-7.74,0.0,-0.01,-0.07,17.36,inf,Obstacle is driving toward the ego car longitudinally. No lateral relative motion.
112.0,20052.0,Front-right,138.1,-78.09,133.59,-76.48,-7.74,0.0,-0.01,-0.07,17.26,inf,Obstacle is driving toward the ego car longitudinally. No lateral relative motion.
112.0,20053.0,Front-right,137.38,-85.04,132.87,-83.43,-7.74,0.0,-0.01,-0.07,17.17,inf,Obstacle is driving toward the ego car longitudinally. No lateral relative motion.
112.0,20054.0,Front-right,60.81,-7.96,56.31,-6.35,-7.74,-0.0,-0.01,-0.07,7.28,inf,Obstacle is driving toward the ego car longitudinally. No lateral relative motion.
112.0,20055.0,Front-right,136.05,-97.83,131.55,-96.22,-7.74,0.0,-0.01,-0.07,17.0,inf,Obstacle is driving toward the ego car longitudinally. No lateral relative motion.
112.0,20056.0,Front-right,135.13,-106.74,130.62,-105.13,-7.74,0.0,-0.01,-0.07,16.88,inf,Obstacle is driving toward the ego car longitudinally. No lateral relative motion.
112.0,20057.0,Front-right,142.14,-7.03,137.63,-5.42,-7.74,-0.0,-0.01,-0.07,17.78,inf,Obstacle is driving toward the ego car longitudinally. No lateral relative motion.
112.0,20058.0,Front-right,134.41,-113.71,129.9,-112.1,-7.74,0.0,-0.01,-0.07,16.79,inf,Obstacle is driving toward the ego car longitudinally. No lateral relative motion.
112.0,20059.0,Front-right,52.07,-6.15,47.56,-4.54,-7.74,-0.0,-0.01,-0.07,6.15,inf,Obstacle is driving toward the ego car longitudinally. No lateral relative motion.
112.0,20060.0,Front,143.0,-0.1,138.49,0.0,-7.74,-0.0,-0.01,-0.07,17.9,0.0,Obstacle is driving toward the ego car longitudinally. Exact lateral alignment or unknown case.
112.0,20061.0,Front-right,133.68,-120.68,129.17,-119.07,-7.74,0.0,-0.01,-0.07,16.69,inf,Obstacle is driving toward the ego car longitudinally. No lateral relative motion.
112.0,20062.0,Front-right,45.22,-4.83,40.71,-3.22,-7.74,-0.0,-0.01,-0.07,5.26,inf,Obstacle is driving toward the ego car longitudinally. No lateral relative motion.
112.0,20063.0,Front-right,38.09,-3.58,33.58,-1.97,-7.18,-0.09,0.23,0.76,4.68,inf,Obstacle is driving toward the ego car longitudinally. Obstacle is moving away laterally to the right.
112.0,20064.0,Front-right,132.96,-127.67,128.45,-126.06,-7.74,0.0,-0.01,-0.07,16.6,inf,Obstacle is driving toward the ego car longitudinally. No lateral relative motion.
112.0,20066.0,Front-right,132.21,-134.87,127.7,-133.26,-7.7,0.37,-0.42,0.02,16.58,359.08,Obstacle is driving toward the ego car longitudinally. Obstacle is driving toward the ego car laterally from the right.
113.0,20003.0,Front-right,132.97,-21.93,128.47,-20.32,-4.5,-0.43,-0.33,-1.3,28.54,inf,Obstacle is driving toward the ego car longitudinally. Obstacle is moving away laterally to the right.
113.0,20007.0,Front-right,121.47,-20.38,116.96,-18.77,-6.5,-0.2,-0.27,-0.94,17.98,inf,Obstacle is driving toward the ego car longitudinally. Obstacle is moving away laterally to the right.
113.0,20013.0,Front-right,113.64,-19.06,109.13,-17.45,-7.62,-0.02,-0.07,-0.29,14.31,inf,Obstacle is driving toward the ego car longitudinally. Obstacle is moving away laterally to the right.
113.0,20017.0,Front-right,106.74,-17.82,102.23,-16.21,-7.72,-0.0,-0.01,-0.1,13.24,inf,Obstacle is driving toward the ego car longitudinally. No lateral relative motion.
113.0,20019.0,Front-right,99.89,-16.47,95.38,-14.86,-7.72,-0.0,-0.01,-0.1,12.35,inf,Obstacle is driving toward the ego car longitudinally. No lateral relative motion.
113.0,20021.0,Front-right,93.05,-15.09,88.54,-13.48,-7.72,-0.0,-0.01,-0.1,11.47,inf,Obstacle is driving toward the ego car longitudinally. No lateral relative motion.
113.0,20025.0,Front-right,86.23,-13.62,81.72,-12.01,-7.72,-0.0,-0.01,-0.1,10.58,inf,Obstacle is driving toward the ego car longitudinally. No lateral relative motion.
113.0,20035.0,Front-right,79.41,-12.14,74.9,-10.53,-7.72,-0.0,-0.01,-0.1,9.7,inf,Obstacle is driving toward the ego car longitudinally. No lateral relative motion.
113.0,20039.0,Front-right,72.59,-10.66,68.08,-9.05,-7.72,-0.0,-0.01,-0.1,8.82,inf,Obstacle is driving toward the ego car longitudinally. No lateral relative motion.
113.0,20045.0,Front-right,141.74,-35.56,137.24,-33.95,-7.72,0.0,-0.01,-0.1,17.77,inf,Obstacle is driving toward the ego car longitudinally. No lateral relative motion.
113.0,20047.0,Front-right,141.03,-42.51,136.52,-40.9,-7.72,0.0,-0.01,-0.1,17.68,inf,Obstacle is driving toward the ego car longitudinally. No lateral relative motion.
113.0,20049.0,Front-right,139.7,-55.28,135.19,-53.67,-7.72,0.0,-0.01,-0.1,17.51,inf,Obstacle is driving toward the ego car longitudinally. No lateral relative motion.
113.0,20050.0,Front-right,138.78,-64.16,134.27,-62.55,-7.72,0.0,-0.01,-0.1,17.39,inf,Obstacle is driving toward the ego car longitudinally. No lateral relative motion.
113.0,20051.0,Front-right,138.06,-71.11,133.55,-69.5,-7.72,0.0,-0.01,-0.1,17.3,inf,Obstacle is driving toward the ego car longitudinally. No lateral relative motion.
113.0,20052.0,Front-right,137.34,-78.07,132.83,-76.46,-7.72,0.0,-0.01,-0.1,17.2,inf,Obstacle is driving toward the ego car longitudinally. No lateral relative motion.
113.0,20053.0,Front-right,136.62,-85.02,132.11,-83.41,-7.72,0.0,-0.01,-0.1,17.11,inf,Obstacle is driving toward the ego car longitudinally. No lateral relative motion.
113.0,20054.0,Front-right,60.04,-7.95,55.53,-6.34,-7.72,-0.0,-0.01,-0.1,7.19,inf,Obstacle is driving toward the ego car longitudinally. No lateral relative motion.
113.0,20055.0,Front-right,135.3,-97.81,130.79,-96.2,-7.72,0.0,-0.01,-0.1,16.94,inf,Obstacle is driving toward the ego car longitudinally. No lateral relative motion.
113.0,20056.0,Front-right,134.37,-106.72,129.86,-105.11,-7.72,0.0,-0.01,-0.1,16.82,inf,Obstacle is driving toward the ego car longitudinally. No lateral relative motion.
113.0,20057.0,Front-right,141.36,-7.01,136.86,-5.4,-7.72,-0.0,-0.01,-0.1,17.72,inf,Obstacle is driving toward the ego car longitudinally. No lateral relative motion.
113.0,20058.0,Front-right,133.65,-113.69,129.14,-112.08,-7.72,0.0,-0.01,-0.1,16.73,inf,Obstacle is driving toward the ego car longitudinally. No lateral relative motion.
113.0,20059.0,Front-right,51.3,-6.14,46.79,-4.53,-7.72,-0.0,-0.01,-0.1,6.06,inf,Obstacle is driving toward the ego car longitudinally. No lateral relative motion.
113.0,20060.0,Front,142.22,-0.08,137.71,0.0,-7.72,-0.0,-0.01,-0.1,17.84,0.0,Obstacle is driving toward the ego car longitudinally. Exact lateral alignment or unknown case.
113.0,20061.0,Front-right,132.93,-120.66,128.42,-119.05,-7.72,0.0,-0.01,-0.1,16.63,inf,Obstacle is driving toward the ego car longitudinally. No lateral relative motion.
113.0,20062.0,Front-right,44.44,-4.83,39.94,-3.22,-7.72,-0.0,-0.01,-0.1,5.17,inf,Obstacle is driving toward the ego car longitudinally. No lateral relative motion.
113.0,20063.0,Front-right,37.37,-3.58,32.86,-1.97,-7.25,-0.08,0.23,0.74,4.53,inf,Obstacle is driving toward the ego car longitudinally. Obstacle is moving away laterally to the right.
113.0,20064.0,Front-right,132.2,-127.65,127.7,-126.04,-7.72,0.0,-0.01,-0.1,16.54,inf,Obstacle is driving toward the ego car longitudinally. No lateral relative motion.
113.0,20066.0,Front-right,131.46,-134.81,126.95,-133.2,-7.69,0.33,-0.43,-0.0,16.52,405.06,Obstacle is driving toward the ego car longitudinally. Obstacle is driving toward the ego car laterally from the right.
114.0,20003.0,Front-right,132.62,-21.73,128.11,-20.12,-4.46,-0.14,-0.22,-1.3,28.7,inf,Obstacle is driving toward the ego car longitudinally. Obstacle is moving away laterally to the right.
114.0,20007.0,Front-right,120.86,-20.18,116.35,-18.57,-6.4,-0.22,-0.29,-1.0,18.19,inf,Obstacle is driving toward the ego car longitudinally. Obstacle is moving away laterally to the right.
114.0,20013.0,Front-right,112.91,-18.86,108.4,-17.25,-7.57,-0.02,-0.13,-0.46,14.32,inf,Obstacle is driving toward the ego car longitudinally. Obstacle is moving away laterally to the right.
114.0,20017.0,Front-right,106.0,-17.63,101.49,-16.02,-7.71,-0.0,-0.01,-0.08,13.17,inf,Obstacle is driving toward the ego car longitudinally. No lateral relative motion.
114.0,20019.0,Front-right,99.15,-16.29,94.64,-14.68,-7.71,-0.0,-0.01,-0.08,12.28,inf,Obstacle is driving toward the ego car longitudinally. No lateral relative motion.
114.0,20021.0,Front-right,92.3,-14.93,87.8,-13.32,-7.71,-0.0,-0.01,-0.08,11.39,inf,Obstacle is driving toward the ego car longitudinally. No lateral relative motion.
114.0,20025.0,Front-right,85.48,-13.46,80.97,-11.85,-7.71,-0.0,-0.01,-0.08,10.5,inf,Obstacle is driving toward the ego car longitudinally. No lateral relative motion.
114.0,20035.0,Front-right,78.65,-12.0,74.15,-10.39,-7.71,-0.0,-0.01,-0.08,9.62,inf,Obstacle is driving toward the ego car longitudinally. No lateral relative motion.
114.0,20039.0,Front-right,71.83,-10.53,67.33,-8.92,-7.71,-0.0,-0.01,-0.08,8.73,inf,Obstacle is driving toward the ego car longitudinally. No lateral relative motion.
114.0,20045.0,Front-right,141.04,-35.31,136.53,-33.7,-7.71,0.0,-0.01,-0.08,17.71,inf,Obstacle is driving toward the ego car longitudinally. No lateral relative motion.
114.0,20047.0,Front-right,140.33,-42.25,135.82,-40.64,-7.71,0.0,-0.01,-0.08,17.62,inf,Obstacle is driving toward the ego car longitudinally. No lateral relative motion.
114.0,20049.0,Front-right,139.03,-55.03,134.52,-53.42,-7.71,0.0,-0.01,-0.08,17.45,inf,Obstacle is driving toward the ego car longitudinally. No lateral relative motion.
114.0,20050.0,Front-right,138.12,-63.91,133.62,-62.3,-7.71,0.0,-0.01,-0.08,17.33,inf,Obstacle is driving toward the ego car longitudinally. No lateral relative motion.
114.0,20051.0,Front-right,137.42,-70.86,132.91,-69.25,-7.71,0.0,-0.01,-0.08,17.24,inf,Obstacle is driving toward the ego car longitudinally. No lateral relative motion.
114.0,20052.0,Front-right,136.71,-77.82,132.2,-76.21,-7.71,0.0,-0.01,-0.08,17.15,inf,Obstacle is driving toward the ego car longitudinally. No lateral relative motion.
114.0,20053.0,Front-right,136.0,-84.78,131.49,-83.17,-7.71,0.0,-0.01,-0.08,17.06,inf,Obstacle is driving toward the ego car longitudinally. No lateral relative motion.
114.0,20054.0,Front-right,59.28,-7.84,54.77,-6.23,-7.71,-0.0,-0.01,-0.08,7.11,inf,Obstacle is driving toward the ego car longitudinally. No lateral relative motion.
114.0,20055.0,Front-right,134.7,-97.56,130.19,-95.95,-7.71,0.0,-0.01,-0.08,16.89,inf,Obstacle is driving toward the ego car longitudinally. No lateral relative motion.
114.0,20056.0,Front-right,133.79,-106.47,129.28,-104.86,-7.71,0.0,-0.01,-0.08,16.77,inf,Obstacle is driving toward the ego car longitudinally. No lateral relative motion.
114.0,20057.0,Front-right,140.6,-6.75,136.1,-5.14,-7.71,-0.0,-0.01,-0.08,17.66,inf,Obstacle is driving toward the ego car longitudinally. No lateral relative motion.
114.0,20058.0,Front-right,133.08,-113.45,128.57,-111.84,-7.71,0.0,-0.01,-0.08,16.68,inf,Obstacle is driving toward the ego car longitudinally. No lateral relative motion.
114.0,20059.0,Front-right,50.53,-6.05,46.03,-4.44,-7.71,-0.0,-0.01,-0.08,5.97,inf,Obstacle is driving toward the ego car longitudinally. No lateral relative motion.
114.0,20060.0,Front,141.45,0.18,136.94,0.0,-7.71,-0.0,-0.01,-0.08,17.76,0.0,Obstacle is driving toward the ego car longitudinally. Exact lateral alignment or unknown case.
114.0,20061.0,Front-right,132.37,-120.42,127.86,-118.81,-7.71,0.0,-0.01,-0.08,16.59,inf,Obstacle is driving toward the ego car longitudinally. No lateral relative motion.
114.0,20062.0,Front-right,43.68,-4.75,39.17,-3.14,-7.71,-0.0,-0.01,-0.08,5.08,inf,Obstacle is driving toward the ego car longitudinally. No lateral relative motion.
114.0,20063.0,Front-right,36.65,-3.52,32.14,-1.91,-7.29,-0.07,0.16,0.5,4.41,inf,Obstacle is driving toward the ego car longitudinally. Obstacle is moving away laterally to the right.
114.0,20064.0,Front-right,131.66,-127.41,127.15,-125.8,-7.71,0.0,-0.01,-0.08,16.5,inf,Obstacle is driving toward the ego car longitudinally. No lateral relative motion.
114.0,20066.0,Front-right,130.93,-134.54,126.43,-132.93,-7.68,0.29,-0.37,0.01,16.46,455.26,Obstacle is driving toward the ego car longitudinally. Obstacle is driving toward the ego car laterally from the right.
115.0,20003.0,Front-right,132.36,-20.98,127.85,-19.37,-4.32,-0.13,-0.22,-1.33,29.59,inf,Obstacle is driving toward the ego car longitudinally. Obstacle is moving away laterally to the right.
115.0,20007.0,Front-right,120.34,-19.5,115.83,-17.89,-6.28,-0.23,-0.29,-1.03,18.44,inf,Obstacle is driving toward the ego car longitudinally. Obstacle is moving away laterally to the right.
115.0,20013.0,Front-right,112.26,-18.21,107.75,-16.6,-7.51,-0.03,-0.13,-0.49,14.34,inf,Obstacle is driving toward the ego car longitudinally. Obstacle is moving away laterally to the right.
115.0,20017.0,Front-right,105.33,-17.02,100.82,-15.41,-7.69,-0.0,-0.01,-0.1,13.11,inf,Obstacle is driving toward the ego car longitudinally. No lateral relative motion.
115.0,20019.0,Front-right,98.47,-15.72,93.96,-14.11,-7.69,-0.0,-0.01,-0.1,12.22,inf,Obstacle is driving toward the ego car longitudinally. No lateral relative motion.
115.0,20021.0,Front-right,91.62,-14.39,87.11,-12.78,-7.69,-0.0,-0.01,-0.1,11.33,inf,Obstacle is driving toward the ego car longitudinally. No lateral relative motion.
115.0,20025.0,Front-right,84.78,-12.97,80.28,-11.36,-7.69,-0.0,-0.01,-0.1,10.44,inf,Obstacle is driving toward the ego car longitudinally. No lateral relative motion.
115.0,20035.0,Front-right,77.95,-11.54,73.44,-9.93,-7.69,-0.0,-0.01,-0.1,9.55,inf,Obstacle is driving toward the ego car longitudinally. No lateral relative motion.
115.0,20039.0,Front-right,71.12,-10.12,66.61,-8.51,-7.69,-0.0,-0.01,-0.1,8.66,inf,Obstacle is driving toward the ego car longitudinally. No lateral relative motion.
115.0,20045.0,Front-right,140.46,-34.49,135.96,-32.88,-7.69,0.0,-0.01,-0.1,17.68,inf,Obstacle is driving toward the ego car longitudinally. No lateral relative motion.
115.0,20047.0,Front-right,139.8,-41.44,135.29,-39.83,-7.69,0.0,-0.01,-0.1,17.59,inf,Obstacle is driving toward the ego car longitudinally. No lateral relative motion.
115.0,20049.0,Front-right,138.57,-54.23,134.06,-52.62,-7.69,0.0,-0.01,-0.1,17.43,inf,Obstacle is driving toward the ego car longitudinally. No lateral relative motion.
115.0,20050.0,Front-right,137.72,-63.12,133.21,-61.51,-7.69,0.0,-0.01,-0.1,17.32,inf,Obstacle is driving toward the ego car longitudinally. No lateral relative motion.
115.0,20051.0,Front-right,137.05,-70.07,132.54,-68.46,-7.69,0.0,-0.01,-0.1,17.23,inf,Obstacle is driving toward the ego car longitudinally. No lateral relative motion.
115.0,20052.0,Front-right,136.38,-77.03,131.87,-75.42,-7.69,0.0,-0.01,-0.1,17.15,inf,Obstacle is driving toward the ego car longitudinally. No lateral relative motion.
115.0,20053.0,Front-right,135.71,-83.99,131.21,-82.38,-7.69,0.0,-0.01,-0.1,17.06,inf,Obstacle is driving toward the ego car longitudinally. No lateral relative motion.
115.0,20054.0,Front-right,58.55,-7.5,54.05,-5.89,-7.69,-0.0,-0.01,-0.1,7.03,inf,Obstacle is driving toward the ego car longitudinally. No lateral relative motion.
115.0,20055.0,Front-right,134.48,-96.79,129.98,-95.18,-7.69,0.0,-0.01,-0.1,16.9,inf,Obstacle is driving toward the ego car longitudinally. No lateral relative motion.
115.0,20056.0,Front-right,133.63,-105.7,129.12,-104.09,-7.69,0.0,-0.01,-0.1,16.79,inf,Obstacle is driving toward the ego car longitudinally. No lateral relative motion.
115.0,20057.0,Front-right,139.87,-5.94,135.36,-4.33,-7.69,-0.0,-0.01,-0.1,17.6,inf,Obstacle is driving toward the ego car longitudinally. No lateral relative motion.
115.0,20058.0,Front-right,132.96,-112.68,128.45,-111.07,-7.69,0.0,-0.01,-0.1,16.7,inf,Obstacle is driving toward the ego car longitudinally. No lateral relative motion.
115.0,20059.0,Front-right,49.8,-5.76,45.29,-4.15,-7.69,-0.0,-0.01,-0.1,5.89,inf,Obstacle is driving toward the ego car longitudinally. No lateral relative motion.
115.0,20060.0,Front,140.67,0.99,136.16,0.0,-7.69,-0.0,-0.01,-0.1,17.7,0.0,Obstacle is driving toward the ego car longitudinally. Exact lateral alignment or unknown case.
115.0,20061.0,Front-right,132.29,-119.66,127.78,-118.05,-7.69,0.0,-0.01,-0.1,16.61,inf,Obstacle is driving toward the ego car longitudinally. No lateral relative motion.
115.0,20062.0,Front-right,42.93,-4.5,38.43,-2.89,-7.69,-0.0,-0.01,-0.1,5.0,inf,Obstacle is driving toward the ego car longitudinally. No lateral relative motion.
115.0,20063.0,Front-right,35.93,-3.32,31.42,-1.71,-7.34,-0.05,0.16,0.48,4.28,inf,Obstacle is driving toward the ego car longitudinally. Obstacle is moving away laterally to the right.
115.0,20064.0,Front-right,131.62,-126.65,127.11,-125.04,-7.69,0.0,-0.01,-0.1,16.53,inf,Obstacle is driving toward the ego car longitudinally. No lateral relative motion.
115.0,20066.0,Front-right,130.94,-133.76,126.43,-132.15,-7.67,0.26,-0.37,-0.02,16.49,517.57,Obstacle is driving toward the ego car longitudinally. Obstacle is driving toward the ego car laterally from the right.
116.0,20003.0,Front-right,132.19,-19.76,127.68,-18.15,-4.3,-0.09,-0.23,-1.35,29.71,inf,Obstacle is driving toward the ego car longitudinally. Obstacle is moving away laterally to the right.
116.0,20007.0,Front-right,119.89,-18.41,115.38,-16.8,-6.16,-0.23,-0.3,-1.05,18.73,inf,Obstacle is driving toward the ego car longitudinally. Obstacle is moving away laterally to the right.
116.0,20013.0,Front-right,111.67,-17.17,107.16,-15.56,-7.45,-0.03,-0.13,-0.51,14.38,inf,Obstacle is driving toward the ego car longitudinally. Obstacle is moving away laterally to the right.
116.0,20017.0,Front-right,104.71,-16.04,100.2,-14.43,-7.67,-0.0,-0.02,-0.12,13.07,inf,Obstacle is driving toward the ego car longitudinally. No lateral relative motion.
116.0,20019.0,Front-right,97.84,-14.81,93.33,-13.2,-7.67,-0.0,-0.02,-0.12,12.17,inf,Obstacle is driving toward the ego car longitudinally. No lateral relative motion.
116.0,20021.0,Front-right,90.98,-13.54,86.47,-11.93,-7.67,-0.0,-0.02,-0.12,11.28,inf,Obstacle is driving toward the ego car longitudinally. No lateral relative motion.
116.0,20025.0,Front-right,84.13,-12.18,79.62,-10.57,-7.67,-0.0,-0.02,-0.12,10.38,inf,Obstacle is driving toward the ego car longitudinally. No lateral relative motion.
116.0,20035.0,Front-right,77.28,-10.82,72.78,-9.21,-7.67,-0.0,-0.02,-0.12,9.49,inf,Obstacle is driving toward the ego car longitudinally. No lateral relative motion.
116.0,20039.0,Front-right,70.44,-9.46,65.93,-7.85,-7.67,-0.0,-0.02,-0.12,8.6,inf,Obstacle is driving toward the ego car longitudinally. No lateral relative motion.
116.0,20045.0,Front-right,140.01,-33.19,135.5,-31.58,-7.67,0.0,-0.02,-0.12,17.67,inf,Obstacle is driving toward the ego car longitudinally. No lateral relative motion.
116.0,20047.0,Front-right,139.41,-40.14,134.9,-38.53,-7.67,0.0,-0.02,-0.12,17.59,inf,Obstacle is driving toward the ego car longitudinally. No lateral relative motion.
116.0,20049.0,Front-right,138.3,-52.94,133.79,-51.33,-7.67,0.0,-0.02,-0.12,17.45,inf,Obstacle is driving toward the ego car longitudinally. No lateral relative motion.
116.0,20050.0,Front-right,137.53,-61.84,133.02,-60.23,-7.67,0.0,-0.02,-0.12,17.35,inf,Obstacle is driving toward the ego car longitudinally. No lateral relative motion.
116.0,20051.0,Front-right,136.92,-68.8,132.42,-67.19,-7.67,0.0,-0.02,-0.12,17.27,inf,Obstacle is driving toward the ego car longitudinally. No lateral relative motion.
116.0,20052.0,Front-right,136.32,-75.76,131.81,-74.15,-7.67,0.0,-0.02,-0.12,17.19,inf,Obstacle is driving toward the ego car longitudinally. No lateral relative motion.
116.0,20053.0,Front-right,135.72,-82.73,131.21,-81.12,-7.67,0.0,-0.02,-0.12,17.11,inf,Obstacle is driving toward the ego car longitudinally. No lateral relative motion.
116.0,20054.0,Front-right,57.85,-6.96,53.34,-5.35,-7.67,-0.0,-0.02,-0.12,6.96,inf,Obstacle is driving toward the ego car longitudinally. No lateral relative motion.
116.0,20055.0,Front-right,134.61,-95.54,130.1,-93.93,-7.67,0.0,-0.02,-0.12,16.96,inf,Obstacle is driving toward the ego car longitudinally. No lateral relative motion.
116.0,20056.0,Front-right,133.84,-104.46,129.33,-102.85,-7.67,0.0,-0.02,-0.12,16.86,inf,Obstacle is driving toward the ego car longitudinally. No lateral relative motion.
116.0,20057.0,Front-right,139.15,-4.64,134.64,-3.03,-7.67,-0.0,-0.02,-0.12,17.56,inf,Obstacle is driving toward the ego car longitudinally. No lateral relative motion.
116.0,20058.0,Front-right,133.23,-111.44,128.72,-109.83,-7.67,0.0,-0.02,-0.12,16.79,inf,Obstacle is driving toward the ego car longitudinally. No lateral relative motion.
116.0,20059.0,Front-right,49.08,-5.3,44.57,-3.69,-7.67,-0.0,-0.02,-0.12,5.81,inf,Obstacle is driving toward the ego car longitudinally. No lateral relative motion.
116.0,20060.0,Front-left,139.89,2.3,135.38,0.69,-7.67,-0.0,-0.02,-0.12,17.65,inf,Obstacle is driving toward the ego car longitudinally. No lateral relative motion.
116.0,20061.0,Front-right,132.63,-118.43,128.12,-116.82,-7.67,0.0,-0.02,-0.12,16.71,inf,Obstacle is driving toward the ego car longitudinally. No lateral relative motion.
116.0,20062.0,Front-right,42.2,-4.1,37.7,-2.49,-7.67,-0.0,-0.02,-0.12,4.92,inf,Obstacle is driving toward the ego car longitudinally. No lateral relative motion.
116.0,20063.0,Front-right,35.22,-2.99,30.72,-1.38,-7.37,-0.04,0.15,0.46,4.17,inf,Obstacle is driving toward the ego car longitudinally. Obstacle is moving away laterally to the right.
116.0,20064.0,Front-right,132.02,-125.42,127.51,-123.81,-7.67,0.0,-0.02,-0.12,16.63,inf,Obstacle is driving toward the ego car longitudinally. No lateral relative motion.
116.0,20066.0,Front-right,131.41,-132.51,126.9,-130.9,-7.65,0.22,-0.38,-0.04,16.59,598.88,Obstacle is driving toward the ego car longitudinally. Obstacle is driving toward the ego car laterally from the right.
117.0,20003.0,Front-right,132.02,-18.54,127.51,-16.93,-4.16,-0.07,-0.22,-1.31,30.67,inf,Obstacle is driving toward the ego car longitudinally. Obstacle is moving away laterally to the right.
117.0,20007.0,Front-right,119.44,-17.31,114.93,-15.7,-6.05,-0.23,-0.29,-1.01,19.0,inf,Obstacle is driving toward the ego car longitudinally. Obstacle is moving away laterally to the right.
117.0,20013.0,Front-right,111.08,-16.13,106.58,-14.52,-7.4,-0.04,-0.13,-0.47,14.41,inf,Obstacle is driving toward the ego car longitudinally. Obstacle is moving away laterally to the right.
117.0,20017.0,Front-right,104.09,-15.06,99.58,-13.45,-7.65,-0.0,-0.01,-0.08,13.01,inf,Obstacle is driving toward the ego car longitudinally. No lateral relative motion.
117.0,20019.0,Front-right,97.21,-13.89,92.7,-12.28,-7.65,-0.0,-0.01,-0.08,12.11,inf,Obstacle is driving toward the ego car longitudinally. No lateral relative motion.
117.0,20021.0,Front-right,90.33,-12.69,85.82,-11.08,-7.65,-0.0,-0.01,-0.08,11.21,inf,Obstacle is driving toward the ego car longitudinally. No lateral relative motion.
117.0,20025.0,Front-right,83.47,-11.4,78.96,-9.79,-7.65,-0.0,-0.01,-0.08,10.32,inf,Obstacle is driving toward the ego car longitudinally. No lateral relative motion.
117.0,20035.0,Front-right,76.61,-10.1,72.11,-8.49,-7.65,-0.0,-0.01,-0.08,9.42,inf,Obstacle is driving toward the ego car longitudinally. No lateral relative motion.
117.0,20039.0,Front-right,69.76,-8.8,65.25,-7.19,-7.65,-0.0,-0.01,-0.08,8.52,inf,Obstacle is driving toward the ego car longitudinally. No lateral relative motion.
117.0,20045.0,Front-right,139.54,-31.88,135.04,-30.27,-7.65,0.0,-0.01,-0.08,17.64,inf,Obstacle is driving toward the ego car longitudinally. No lateral relative motion.
117.0,20047.0,Front-right,139.01,-38.84,134.5,-37.23,-7.65,0.0,-0.01,-0.08,17.57,inf,Obstacle is driving toward the ego car longitudinally. No lateral relative motion.
117.0,20049.0,Front-right,138.02,-51.64,133.51,-50.03,-7.65,0.0,-0.01,-0.08,17.44,inf,Obstacle is driving toward the ego car longitudinally. No lateral relative motion.
117.0,20050.0,Front-right,137.33,-60.55,132.82,-58.94,-7.65,0.0,-0.01,-0.08,17.35,inf,Obstacle is driving toward the ego car longitudinally. No lateral relative motion.
117.0,20051.0,Front-right,136.79,-67.52,132.28,-65.91,-7.65,0.0,-0.01,-0.08,17.28,inf,Obstacle is driving toward the ego car longitudinally. No lateral relative motion.
117.0,20052.0,Front-right,136.25,-74.48,131.75,-72.87,-7.65,0.0,-0.01,-0.08,17.21,inf,Obstacle is driving toward the ego car longitudinally. No lateral relative motion.
117.0,20053.0,Front-right,135.72,-81.46,131.21,-79.85,-7.65,0.0,-0.01,-0.08,17.14,inf,Obstacle is driving toward the ego car longitudinally. No lateral relative motion.
117.0,20054.0,Front-right,57.15,-6.42,52.64,-4.81,-7.65,-0.0,-0.01,-0.08,6.88,inf,Obstacle is driving toward the ego car longitudinally. No lateral relative motion.
117.0,20055.0,Front-right,134.73,-94.27,130.22,-92.66,-7.65,0.0,-0.01,-0.08,17.01,inf,Obstacle is driving toward the ego car longitudinally. No lateral relative motion.
117.0,20056.0,Front-right,134.04,-103.2,129.53,-101.59,-7.65,0.0,-0.01,-0.08,16.92,inf,Obstacle is driving toward the ego car longitudinally. No lateral relative motion.
117.0,20057.0,Front-right,138.42,-3.34,133.91,-1.73,-7.65,-0.0,-0.01,-0.08,17.49,inf,Obstacle is driving toward the ego car longitudinally. No lateral relative motion.
117.0,20058.0,Front-right,133.5,-110.19,128.99,-108.58,-7.65,0.0,-0.01,-0.08,16.85,inf,Obstacle is driving toward the ego car longitudinally. No lateral relative motion.
117.0,20059.0,Front-right,48.36,-4.84,43.85,-3.23,-7.65,-0.0,-0.01,-0.08,5.73,inf,Obstacle is driving toward the ego car longitudinally. No lateral relative motion.
117.0,20060.0,Front-left,139.09,3.6,134.58,1.99,-7.65,-0.0,-0.01,-0.08,17.58,inf,Obstacle is driving toward the ego car longitudinally. No lateral relative motion.
117.0,20061.0,Front-right,132.96,-117.18,128.45,-115.57,-7.65,0.0,-0.01,-0.08,16.78,inf,Obstacle is driving toward the ego car longitudinally. No lateral relative motion.
117.0,20062.0,Front-right,41.47,-3.7,36.96,-2.09,-7.65,-0.0,-0.01,-0.08,4.83,inf,Obstacle is driving toward the ego car longitudinally. No lateral relative motion.
117.0,20063.0,Front-right,34.51,-2.66,30.0,-1.05,-7.42,-0.03,0.16,0.49,4.04,inf,Obstacle is driving toward the ego car longitudinally. Obstacle is moving away laterally to the right.
117.0,20064.0,Front-right,132.42,-124.18,127.91,-122.57,-7.65,0.0,-0.01,-0.08,16.71,inf,Obstacle is driving toward the ego car longitudinally. No lateral relative motion.
117.0,20066.0,Front-right,131.87,-131.26,127.36,-129.65,-7.64,0.18,-0.37,0.0,16.67,713.31,Obstacle is driving toward the ego car longitudinally. Obstacle is driving toward the ego car laterally from the right.
118.0,20003.0,Front-right,131.83,-17.43,127.32,-15.82,-4.14,-0.04,-0.23,-1.33,30.77,inf,Obstacle is driving toward the ego car longitudinally. Obstacle is moving away laterally to the right.
118.0,20007.0,Front-right,118.98,-16.33,114.47,-14.72,-5.93,-0.17,-0.26,-1.04,19.32,inf,Obstacle is driving toward the ego car longitudinally. Obstacle is moving away laterally to the right.
118.0,20013.0,Front-right,110.48,-15.2,105.97,-13.59,-7.34,-0.04,-0.13,-0.49,14.44,inf,Obstacle is driving toward the ego car longitudinally. Obstacle is moving away laterally to the right.
118.0,20017.0,Front-right,103.45,-14.19,98.94,-12.58,-7.64,-0.0,-0.02,-0.1,12.96,inf,Obstacle is driving toward the ego car longitudinally. No lateral relative motion.
118.0,20019.0,Front-right,96.55,-13.08,92.05,-11.47,-7.64,-0.0,-0.02,-0.1,12.06,inf,Obstacle is driving toward the ego car longitudinally. No lateral relative motion.
118.0,20021.0,Front-right,89.67,-11.93,85.16,-10.32,-7.64,-0.0,-0.02,-0.1,11.15,inf,Obstacle is driving toward the ego car longitudinally. No lateral relative motion.
118.0,20025.0,Front-right,82.8,-10.69,78.29,-9.08,-7.64,-0.0,-0.02,-0.1,10.25,inf,Obstacle is driving toward the ego car longitudinally. No lateral relative motion.
118.0,20035.0,Front-right,75.93,-9.45,71.42,-7.84,-7.64,-0.0,-0.02,-0.1,9.35,inf,Obstacle is driving toward the ego car longitudinally. No lateral relative motion.
118.0,20039.0,Front-right,69.06,-8.22,64.56,-6.61,-7.64,-0.0,-0.02,-0.1,8.45,inf,Obstacle is driving toward the ego car longitudinally. No lateral relative motion.
118.0,20045.0,Front-right,139.04,-30.71,134.53,-29.1,-7.64,0.0,-0.02,-0.1,17.62,inf,Obstacle is driving toward the ego car longitudinally. No lateral relative motion.
118.0,20047.0,Front-right,138.56,-37.67,134.05,-36.06,-7.64,0.0,-0.02,-0.1,17.56,inf,Obstacle is driving toward the ego car longitudinally. No lateral relative motion.
118.0,20049.0,Front-right,137.68,-50.48,133.17,-48.87,-7.64,0.0,-0.02,-0.1,17.44,inf,Obstacle is driving toward the ego car longitudinally. No lateral relative motion.
118.0,20050.0,Front-right,137.07,-59.39,132.56,-57.78,-7.64,0.0,-0.02,-0.1,17.36,inf,Obstacle is driving toward the ego car longitudinally. No lateral relative motion.
118.0,20051.0,Front-right,136.59,-66.36,132.08,-64.75,-7.64,0.0,-0.02,-0.1,17.3,inf,Obstacle is driving toward the ego car longitudinally. No lateral relative motion.
118.0,20052.0,Front-right,136.11,-73.34,131.6,-71.73,-7.64,0.0,-0.02,-0.1,17.24,inf,Obstacle is driving toward the ego car longitudinally. No lateral relative motion.
118.0,20053.0,Front-right,135.63,-80.31,131.12,-78.7,-7.64,0.0,-0.02,-0.1,17.17,inf,Obstacle is driving toward the ego car longitudinally. No lateral relative motion.
118.0,20054.0,Front-right,56.43,-5.94,51.92,-4.33,-7.64,-0.0,-0.02,-0.1,6.8,inf,Obstacle is driving toward the ego car longitudinally. No lateral relative motion.
118.0,20055.0,Front-right,134.75,-93.14,130.24,-91.53,-7.64,0.0,-0.02,-0.1,17.06,inf,Obstacle is driving toward the ego car longitudinally. No lateral relative motion.
118.0,20056.0,Front-right,134.13,-102.07,129.63,-100.46,-7.64,0.0,-0.02,-0.1,16.98,inf,Obstacle is driving toward the ego car longitudinally. No lateral relative motion.
118.0,20057.0,Front-right,137.67,-2.18,133.17,-0.57,-7.64,-0.0,-0.02,-0.1,17.44,inf,Obstacle is driving toward the ego car longitudinally. No lateral relative motion.
118.0,20058.0,Front-right,133.65,-109.06,129.14,-107.45,-7.64,0.0,-0.02,-0.1,16.91,inf,Obstacle is driving toward the ego car longitudinally. No lateral relative motion.
118.0,20059.0,Front-right,47.63,-4.43,43.12,-2.82,-7.64,-0.0,-0.02,-0.1,5.65,inf,Obstacle is driving toward the ego car longitudinally. No lateral relative motion.
118.0,20060.0,Front-left,138.29,4.77,133.78,3.16,-7.64,-0.0,-0.02,-0.1,17.52,inf,Obstacle is driving toward the ego car longitudinally. No lateral relative motion.
118.0,20061.0,Front-right,133.17,-116.06,128.66,-114.45,-7.64,0.0,-0.02,-0.1,16.85,inf,Obstacle is driving toward the ego car longitudinally. No lateral relative motion.
118.0,20062.0,Front-right,40.74,-3.35,36.23,-1.74,-7.64,-0.0,-0.02,-0.1,4.74,inf,Obstacle is driving toward the ego car longitudinally. No lateral relative motion.
118.0,20063.0,Front-right,33.78,-2.37,29.28,-0.76,-7.46,-0.02,0.15,0.47,3.93,inf,Obstacle is driving toward the ego car longitudinally. Obstacle is moving away laterally to the right.
118.0,20064.0,Front-right,132.69,-123.07,128.18,-121.46,-7.64,0.0,-0.02,-0.1,16.79,inf,Obstacle is driving toward the ego car longitudinally. No lateral relative motion.
118.0,20066.0,Front-right,132.2,-130.13,127.7,-128.52,-7.63,0.14,-0.38,-0.02,16.75,886.62,Obstacle is driving toward the ego car longitudinally. Obstacle is driving toward the ego car laterally from the right.
119.0,20003.0,Front-right,131.62,-16.56,127.11,-14.95,-4.04,0.56,-0.03,-1.37,31.5,26.47,Obstacle is driving toward the ego car longitudinally. Obstacle is driving toward the ego car laterally from the right.
119.0,20007.0,Front-right,118.5,-15.57,113.99,-13.96,-5.8,-0.17,-0.28,-1.12,19.66,inf,Obstacle is driving toward the ego car longitudinally. Obstacle is moving away laterally to the right.
119.0,20013.0,Front-right,109.84,-14.49,105.33,-12.88,-7.26,-0.04,-0.19,-0.67,14.51,inf,Obstacle is driving toward the ego car longitudinally. Obstacle is moving away laterally to the right.
119.0,20017.0,Front-right,102.77,-13.52,98.26,-11.91,-7.61,-0.0,-0.02,-0.12,12.91,inf,Obstacle is driving toward the ego car longitudinally. No lateral relative motion.
119.0,20019.0,Front-right,95.87,-12.45,91.36,-10.84,-7.61,-0.0,-0.02,-0.12,12.0,inf,Obstacle is driving toward the ego car longitudinally. No lateral relative motion.
119.0,20021.0,Front-right,88.98,-11.35,84.47,-9.74,-7.61,-0.0,-0.02,-0.12,11.1,inf,Obstacle is driving toward the ego car longitudinally. No lateral relative motion.
119.0,20025.0,Front-right,82.1,-10.16,77.59,-8.55,-7.61,-0.0,-0.02,-0.12,10.19,inf,Obstacle is driving toward the ego car longitudinally. No lateral relative motion.
119.0,20035.0,Front-right,75.22,-8.96,70.72,-7.35,-7.61,-0.0,-0.02,-0.12,9.29,inf,Obstacle is driving toward the ego car longitudinally. No lateral relative motion.
119.0,20039.0,Front-right,68.35,-7.77,63.84,-6.16,-7.61,-0.0,-0.02,-0.12,8.39,inf,Obstacle is driving toward the ego car longitudinally. No lateral relative motion.
119.0,20045.0,Front-right,138.47,-29.81,133.96,-28.2,-7.61,0.0,-0.02,-0.12,17.6,inf,Obstacle is driving toward the ego car longitudinally. No lateral relative motion.
119.0,20047.0,Front-right,138.04,-36.78,133.53,-35.17,-7.61,0.0,-0.02,-0.12,17.54,inf,Obstacle is driving toward the ego car longitudinally. No lateral relative motion.
119.0,20049.0,Front-right,137.24,-49.59,132.73,-47.98,-7.61,0.0,-0.02,-0.12,17.44,inf,Obstacle is driving toward the ego car longitudinally. No lateral relative motion.
119.0,20050.0,Front-right,136.68,-58.51,132.18,-56.9,-7.61,0.0,-0.02,-0.12,17.36,inf,Obstacle is driving toward the ego car longitudinally. No lateral relative motion.
119.0,20051.0,Front-right,136.25,-65.48,131.74,-63.87,-7.61,0.0,-0.02,-0.12,17.31,inf,Obstacle is driving toward the ego car longitudinally. No lateral relative motion.
119.0,20052.0,Front-right,135.82,-72.46,131.31,-70.85,-7.61,0.0,-0.02,-0.12,17.25,inf,Obstacle is driving toward the ego car longitudinally. No lateral relative motion.
119.0,20053.0,Front-right,135.38,-79.44,130.87,-77.83,-7.61,0.0,-0.02,-0.12,17.19,inf,Obstacle is driving toward the ego car longitudinally. No lateral relative motion.
119.0,20054.0,Front-right,55.7,-5.57,51.2,-3.96,-7.61,-0.0,-0.02,-0.12,6.73,inf,Obstacle is driving toward the ego car longitudinally. No lateral relative motion.
119.0,20055.0,Front-right,134.58,-92.27,130.07,-90.66,-7.61,0.0,-0.02,-0.12,17.09,inf,Obstacle is driving toward the ego car longitudinally. No lateral relative motion.
119.0,20056.0,Front-right,134.03,-101.2,129.52,-99.59,-7.61,0.0,-0.02,-0.12,17.01,inf,Obstacle is driving toward the ego car longitudinally. No lateral relative motion.
119.0,20057.0,Front,136.92,-1.29,132.41,0.0,-7.61,-0.0,-0.02,-0.12,17.39,0.0,Obstacle is driving toward the ego car longitudinally. Exact lateral alignment or unknown case.
119.0,20058.0,Front-right,133.59,-108.2,129.08,-106.59,-7.61,0.0,-0.02,-0.12,16.96,inf,Obstacle is driving toward the ego car longitudinally. No lateral relative motion.
119.0,20059.0,Front-right,46.89,-4.12,42.39,-2.51,-7.61,-0.0,-0.02,-0.12,5.57,inf,Obstacle is driving toward the ego car longitudinally. No lateral relative motion.
119.0,20060.0,Front-left,137.49,5.66,132.98,4.05,-7.61,-0.0,-0.02,-0.12,17.47,inf,Obstacle is driving toward the ego car longitudinally. No lateral relative motion.
119.0,20061.0,Front-right,133.15,-115.2,128.65,-113.59,-7.61,0.0,-0.02,-0.12,16.9,inf,Obstacle is driving toward the ego car longitudinally. No lateral relative motion.
119.0,20062.0,Front-right,39.99,-3.09,35.48,-1.48,-7.61,-0.0,-0.02,-0.12,4.66,inf,Obstacle is driving toward the ego car longitudinally. No lateral relative motion.
119.0,20063.0,Front-right,33.05,-2.16,28.54,-0.55,-7.47,-0.02,0.08,0.23,3.82,inf,Obstacle is driving toward the ego car longitudinally. Obstacle is moving away laterally to the right.
119.0,20064.0,Front-right,132.72,-122.21,128.21,-120.6,-7.61,0.0,-0.02,-0.12,16.84,inf,Obstacle is driving toward the ego car longitudinally. No lateral relative motion.
119.0,20066.0,Front-right,132.28,-129.26,127.77,-127.65,-7.61,0.12,-0.27,-0.06,16.8,1072.08,Obstacle is driving toward the ego car longitudinally. Obstacle is driving toward the ego car laterally from the right.
120.0,20003.0,Front-right,131.37,-15.98,126.86,-14.37,-4.03,0.58,-0.02,-1.3,31.51,24.85,Obstacle is driving toward the ego car longitudinally. Obstacle is driving toward the ego car laterally from the right.
120.0,20007.0,Front-right,117.98,-15.14,113.47,-13.53,-5.68,-0.17,-0.27,-1.05,19.96,inf,Obstacle is driving toward the ego car longitudinally. Obstacle is moving away laterally to the right.
120.0,20013.0,Front-right,109.17,-14.08,104.66,-12.47,-7.19,-0.05,-0.17,-0.6,14.56,inf,Obstacle is driving toward the ego car longitudinally. Obstacle is moving away laterally to the right.
120.0,20017.0,Front-right,102.06,-13.13,97.55,-11.52,-7.6,-0.0,-0.01,-0.05,12.83,inf,Obstacle is driving toward the ego car longitudinally. No lateral relative motion.
120.0,20019.0,Front-right,95.16,-12.09,90.65,-10.48,-7.6,-0.0,-0.01,-0.05,11.93,inf,Obstacle is driving toward the ego car longitudinally. No lateral relative motion.
120.0,20021.0,Front-right,88.26,-11.02,83.75,-9.41,-7.6,-0.0,-0.01,-0.05,11.02,inf,Obstacle is driving toward the ego car longitudinally. No lateral relative motion.
120.0,20025.0,Front-right,81.38,-9.85,76.87,-8.24,-7.6,-0.0,-0.01,-0.05,10.11,inf,Obstacle is driving toward the ego car longitudinally. No lateral relative motion.
120.0,20035.0,Front-right,74.5,-8.68,69.99,-7.07,-7.6,-0.0,-0.01,-0.05,9.21,inf,Obstacle is driving toward the ego car longitudinally. No lateral relative motion.
120.0,20039.0,Front-right,67.62,-7.51,63.11,-5.9,-7.6,-0.0,-0.01,-0.05,8.3,inf,Obstacle is driving toward the ego car longitudinally. No lateral relative motion.
120.0,20045.0,Front-right,137.82,-29.28,133.31,-27.67,-7.6,0.0,-0.01,-0.05,17.54,inf,Obstacle is driving toward the ego car longitudinally. No lateral relative motion.
120.0,20047.0,Front-right,137.41,-36.25,132.91,-34.64,-7.6,0.0,-0.01,-0.05,17.48,inf,Obstacle is driving toward the ego car longitudinally. No lateral relative motion.
120.0,20049.0,Front-right,136.67,-49.07,132.16,-47.46,-7.6,0.0,-0.01,-0.05,17.39,inf,Obstacle is driving toward the ego car longitudinally. No lateral relative motion.
120.0,20050.0,Front-right,136.14,-57.99,131.64,-56.38,-7.6,0.0,-0.01,-0.05,17.32,inf,Obstacle is driving toward the ego car longitudinally. No lateral relative motion.
120.0,20051.0,Front-right,135.74,-64.96,131.23,-63.35,-7.6,0.0,-0.01,-0.05,17.26,inf,Obstacle is driving toward the ego car longitudinally. No lateral relative motion.
120.0,20052.0,Front-right,135.33,-71.94,130.82,-70.33,-7.6,0.0,-0.01,-0.05,17.21,inf,Obstacle is driving toward the ego car longitudinally. No lateral relative motion.
120.0,20053.0,Front-right,134.92,-78.92,130.41,-77.31,-7.6,0.0,-0.01,-0.05,17.16,inf,Obstacle is driving toward the ego car longitudinally. No lateral relative motion.
120.0,20054.0,Front-right,54.96,-5.36,50.45,-3.75,-7.6,-0.0,-0.01,-0.05,6.64,inf,Obstacle is driving toward the ego car longitudinally. No lateral relative motion.
120.0,20055.0,Front-right,134.17,-91.75,129.66,-90.14,-7.6,0.0,-0.01,-0.05,17.06,inf,Obstacle is driving toward the ego car longitudinally. No lateral relative motion.
120.0,20056.0,Front-right,133.65,-100.69,129.14,-99.08,-7.6,0.0,-0.01,-0.05,16.99,inf,Obstacle is driving toward the ego car longitudinally. No lateral relative motion.
120.0,20057.0,Front,136.16,-0.77,131.65,0.0,-7.6,-0.0,-0.01,-0.05,17.32,0.0,Obstacle is driving toward the ego car longitudinally. Exact lateral alignment or unknown case.
120.0,20058.0,Front-right,133.24,-107.69,128.73,-106.08,-7.6,0.0,-0.01,-0.05,16.94,inf,Obstacle is driving toward the ego car longitudinally. No lateral relative motion.
120.0,20059.0,Front-right,46.15,-3.94,41.64,-2.33,-7.6,-0.0,-0.01,-0.05,5.48,inf,Obstacle is driving toward the ego car longitudinally. No lateral relative motion.
120.0,20060.0,Front-left,136.71,6.19,132.2,4.58,-7.6,-0.0,-0.01,-0.05,17.39,inf,Obstacle is driving toward the ego car longitudinally. No lateral relative motion.
120.0,20061.0,Front-right,132.83,-114.69,128.32,-113.08,-7.6,0.0,-0.01,-0.05,16.88,inf,Obstacle is driving toward the ego car longitudinally. No lateral relative motion.
120.0,20062.0,Front-right,39.24,-2.94,34.73,-1.33,-7.6,-0.0,-0.01,-0.05,4.57,inf,Obstacle is driving toward the ego car longitudinally. No lateral relative motion.
120.0,20063.0,Front-right,32.31,-2.03,27.8,-0.42,-7.5,-0.01,0.09,0.3,3.71,inf,Obstacle is driving toward the ego car longitudinally. Obstacle is moving away laterally to the right.
120.0,20064.0,Front-right,132.42,-121.7,127.91,-120.09,-7.6,0.0,-0.01,-0.05,16.83,inf,Obstacle is driving toward the ego car longitudinally. No lateral relative motion.
120.0,20066.0,Front-right,132.01,-128.75,127.5,-127.14,-7.6,0.09,-0.26,0.01,16.79,1366.48,Obstacle is driving toward the ego car longitudinally. Obstacle is driving toward the ego car laterally from the right.
121.0,20003.0,Front-right,131.06,-15.96,126.55,-14.35,-3.89,0.6,-0.02,-1.29,32.51,24.06,Obstacle is driving toward the ego car longitudinally. Obstacle is driving toward the ego car laterally from the right.
121.0,20007.0,Front-right,117.41,-15.21,112.9,-13.6,-5.57,-0.18,-0.27,-1.04,20.26,inf,Obstacle is driving toward the ego car longitudinally. Obstacle is moving away laterally to the right.
121.0,20013.0,Front-right,108.45,-14.13,103.94,-12.52,-7.12,-0.06,-0.17,-0.59,14.6,inf,Obstacle is driving toward the ego car longitudinally. Obstacle is moving away laterally to the right.
121.0,20017.0,Front-right,101.29,-13.17,96.78,-11.56,-7.59,-0.0,-0.01,-0.04,12.75,inf,Obstacle is driving toward the ego car longitudinally. No lateral relative motion.
121.0,20019.0,Front-right,94.39,-12.13,89.88,-10.52,-7.59,-0.0,-0.01,-0.04,11.84,inf,Obstacle is driving toward the ego car longitudinally. No lateral relative motion.
121.0,20021.0,Front-right,87.49,-11.05,82.99,-9.44,-7.59,-0.0,-0.01,-0.04,10.93,inf,Obstacle is driving toward the ego car longitudinally. No lateral relative motion.
121.0,20025.0,Front-right,80.61,-9.88,76.1,-8.27,-7.59,-0.0,-0.01,-0.04,10.03,inf,Obstacle is driving toward the ego car longitudinally. No lateral relative motion.
121.0,20035.0,Front-right,73.73,-8.71,69.22,-7.1,-7.59,-0.0,-0.01,-0.04,9.12,inf,Obstacle is driving toward the ego car longitudinally. No lateral relative motion.
121.0,20039.0,Front-right,66.85,-7.54,62.35,-5.93,-7.59,-0.0,-0.01,-0.04,8.21,inf,Obstacle is driving toward the ego car longitudinally. No lateral relative motion.
121.0,20045.0,Front-right,137.05,-29.34,132.54,-27.73,-7.59,0.0,-0.01,-0.04,17.46,inf,Obstacle is driving toward the ego car longitudinally. No lateral relative motion.
121.0,20047.0,Front-right,136.64,-36.31,132.13,-34.7,-7.59,0.0,-0.01,-0.04,17.41,inf,Obstacle is driving toward the ego car longitudinally. No lateral relative motion.
121.0,20049.0,Front-right,135.88,-49.13,131.38,-47.52,-7.59,0.0,-0.01,-0.04,17.31,inf,Obstacle is driving toward the ego car longitudinally. No lateral relative motion.
121.0,20050.0,Front-right,135.36,-58.05,130.85,-56.44,-7.59,0.0,-0.01,-0.04,17.24,inf,Obstacle is driving toward the ego car longitudinally. No lateral relative motion.
121.0,20051.0,Front-right,134.95,-65.02,130.44,-63.41,-7.59,0.0,-0.01,-0.04,17.18,inf,Obstacle is driving toward the ego car longitudinally. No lateral relative motion.
121.0,20052.0,Front-right,134.54,-72.0,130.03,-70.39,-7.59,0.0,-0.01,-0.04,17.13,inf,Obstacle is driving toward the ego car longitudinally. No lateral relative motion.
121.0,20053.0,Front-right,134.13,-78.98,129.62,-77.37,-7.59,0.0,-0.01,-0.04,17.07,inf,Obstacle is driving toward the ego car longitudinally. No lateral relative motion.
121.0,20054.0,Front-right,54.2,-5.38,49.69,-3.77,-7.59,-0.0,-0.01,-0.04,6.55,inf,Obstacle is driving toward the ego car longitudinally. No lateral relative motion.
121.0,20055.0,Front-right,133.37,-91.81,128.86,-90.2,-7.59,0.0,-0.01,-0.04,16.97,inf,Obstacle is driving toward the ego car longitudinally. No lateral relative motion.
121.0,20056.0,Front-right,132.84,-100.75,128.34,-99.14,-7.59,0.0,-0.01,-0.04,16.91,inf,Obstacle is driving toward the ego car longitudinally. No lateral relative motion.
121.0,20057.0,Front,135.4,-0.83,130.89,0.0,-7.59,-0.0,-0.01,-0.04,17.24,0.0,Obstacle is driving toward the ego car longitudinally. Exact lateral alignment or unknown case.
121.0,20058.0,Front-right,132.43,-107.75,127.92,-106.14,-7.59,0.0,-0.01,-0.04,16.85,inf,Obstacle is driving toward the ego car longitudinally. No lateral relative motion.
121.0,20059.0,Front-right,45.38,-3.96,40.88,-2.35,-7.59,-0.0,-0.01,-0.04,5.38,inf,Obstacle is driving toward the ego car longitudinally. No lateral relative motion.
121.0,20060.0,Front-left,135.95,6.13,131.44,4.52,-7.59,-0.0,-0.01,-0.04,17.31,inf,Obstacle is driving toward the ego car longitudinally. No lateral relative motion.
121.0,20061.0,Front-right,132.02,-114.75,127.51,-113.14,-7.59,0.0,-0.01,-0.04,16.8,inf,Obstacle is driving toward the ego car longitudinally. No lateral relative motion.
121.0,20062.0,Front-right,38.48,-2.96,33.97,-1.35,-7.59,-0.0,-0.01,-0.04,4.47,inf,Obstacle is driving toward the ego car longitudinally. No lateral relative motion.
121.0,20063.0,Front-right,31.55,-2.05,27.05,-0.44,-7.52,-0.01,0.1,0.31,3.59,inf,Obstacle is driving toward the ego car longitudinally. Obstacle is moving away laterally to the right.
121.0,20064.0,Front-right,131.61,-121.76,127.1,-120.15,-7.59,0.0,-0.01,-0.04,16.74,inf,Obstacle is driving toward the ego car longitudinally. No lateral relative motion.
121.0,20066.0,Front-right,131.19,-128.8,126.68,-127.19,-7.59,0.07,-0.26,0.01,16.7,1895.93,Obstacle is driving toward the ego car longitudinally. Obstacle is driving toward the ego car laterally from the right.
122.0,20003.0,Front-right,130.75,-16.12,126.24,-14.51,-3.88,0.59,-0.02,-1.28,32.51,24.58,Obstacle is driving toward the ego car longitudinally. Obstacle is driving toward the ego car laterally from the right.
122.0,20007.0,Front-right,116.83,-15.43,112.32,-13.82,-5.46,-0.19,-0.27,-1.03,20.57,inf,Obstacle is driving toward the ego car longitudinally. Obstacle is moving away laterally to the right.
122.0,20013.0,Front-right,107.71,-14.33,103.21,-12.72,-7.06,-0.07,-0.17,-0.59,14.63,inf,Obstacle is driving toward the ego car longitudinally. Obstacle is moving away laterally to the right.
122.0,20017.0,Front-right,100.51,-13.35,96.0,-11.74,-7.58,-0.0,-0.01,-0.04,12.66,inf,Obstacle is driving toward the ego car longitudinally. No lateral relative motion.
122.0,20019.0,Front-right,93.61,-12.29,89.1,-10.68,-7.58,-0.0,-0.01,-0.04,11.75,inf,Obstacle is driving toward the ego car longitudinally. No lateral relative motion.
122.0,20021.0,Front-right,86.71,-11.21,82.21,-9.6,-7.58,-0.0,-0.01,-0.04,10.84,inf,Obstacle is driving toward the ego car longitudinally. No lateral relative motion.
122.0,20025.0,Front-right,79.84,-10.02,75.33,-8.41,-7.58,-0.0,-0.01,-0.04,9.93,inf,Obstacle is driving toward the ego car longitudinally. No lateral relative motion.
122.0,20035.0,Front-right,72.96,-8.84,68.45,-7.23,-7.58,-0.0,-0.01,-0.04,9.03,inf,Obstacle is driving toward the ego car longitudinally. No lateral relative motion.
122.0,20039.0,Front-right,66.08,-7.65,61.57,-6.04,-7.58,-0.0,-0.01,-0.04,8.12,inf,Obstacle is driving toward the ego car longitudinally. No lateral relative motion.
122.0,20045.0,Front-right,136.24,-29.58,131.73,-27.97,-7.58,0.0,-0.01,-0.04,17.37,inf,Obstacle is driving toward the ego car longitudinally. No lateral relative motion.
122.0,20047.0,Front-right,135.82,-36.55,131.31,-34.94,-7.58,0.0,-0.01,-0.04,17.32,inf,Obstacle is driving toward the ego car longitudinally. No lateral relative motion.
122.0,20049.0,Front-right,135.04,-49.36,130.53,-47.75,-7.58,0.0,-0.01,-0.04,17.21,inf,Obstacle is driving toward the ego car longitudinally. No lateral relative motion.
122.0,20050.0,Front-right,134.5,-58.28,129.99,-56.67,-7.58,0.0,-0.01,-0.04,17.14,inf,Obstacle is driving toward the ego car longitudinally. No lateral relative motion.
122.0,20051.0,Front-right,134.07,-65.26,129.57,-63.65,-7.58,0.0,-0.01,-0.04,17.09,inf,Obstacle is driving toward the ego car longitudinally. No lateral relative motion.
122.0,20052.0,Front-right,133.65,-72.23,129.14,-70.62,-7.58,0.0,-0.01,-0.04,17.03,inf,Obstacle is driving toward the ego car longitudinally. No lateral relative motion.
122.0,20053.0,Front-right,133.23,-79.21,128.72,-77.6,-7.58,0.0,-0.01,-0.04,16.98,inf,Obstacle is driving toward the ego car longitudinally. No lateral relative motion.
122.0,20054.0,Front-right,53.43,-5.48,48.92,-3.87,-7.58,-0.0,-0.01,-0.04,6.45,inf,Obstacle is driving toward the ego car longitudinally. No lateral relative motion.
122.0,20055.0,Front-right,132.45,-92.04,127.94,-90.43,-7.58,0.0,-0.01,-0.04,16.87,inf,Obstacle is driving toward the ego car longitudinally. No lateral relative motion.
122.0,20056.0,Front-right,131.91,-100.98,127.4,-99.37,-7.58,0.0,-0.01,-0.04,16.8,inf,Obstacle is driving toward the ego car longitudinally. No lateral relative motion.
122.0,20057.0,Front,134.64,-1.07,130.13,0.0,-7.58,-0.0,-0.01,-0.04,17.16,0.0,Obstacle is driving toward the ego car longitudinally. Exact lateral alignment or unknown case.
122.0,20058.0,Front-right,131.48,-107.98,126.98,-106.37,-7.58,0.0,-0.01,-0.04,16.75,inf,Obstacle is driving toward the ego car longitudinally. No lateral relative motion.
122.0,20059.0,Front-right,44.62,-4.04,40.11,-2.43,-7.58,-0.0,-0.01,-0.04,5.29,inf,Obstacle is driving toward the ego car longitudinally. No lateral relative motion.
122.0,20060.0,Front-left,135.2,5.89,130.69,4.28,-7.58,-0.0,-0.01,-0.04,17.24,inf,Obstacle is driving toward the ego car longitudinally. No lateral relative motion.
122.0,20061.0,Front-right,131.06,-114.98,126.55,-113.37,-7.58,0.0,-0.01,-0.04,16.69,inf,Obstacle is driving toward the ego car longitudinally. No lateral relative motion.
122.0,20062.0,Front-right,37.71,-3.02,33.21,-1.41,-7.58,-0.0,-0.01,-0.04,4.38,inf,Obstacle is driving toward the ego car longitudinally. No lateral relative motion.
122.0,20063.0,Front-right,30.8,-2.1,26.29,-0.49,-7.55,-0.0,0.1,0.32,3.48,inf,Obstacle is driving toward the ego car longitudinally. Obstacle is moving away laterally to the right.
122.0,20064.0,Front-right,130.63,-121.99,126.13,-120.38,-7.58,0.0,-0.01,-0.04,16.63,inf,Obstacle is driving toward the ego car longitudinally. No lateral relative motion.
122.0,20066.0,Front-right,130.21,-129.02,125.7,-127.41,-7.58,0.04,-0.26,0.02,16.58,3098.14,Obstacle is driving toward the ego car longitudinally. Obstacle is driving toward the ego car laterally from the right.
123.0,20003.0,Front-right,130.43,-16.38,125.92,-14.77,-3.75,0.6,-0.02,-1.29,33.56,24.63,Obstacle is driving toward the ego car longitudinally. Obstacle is driving toward the ego car laterally from the right.
123.0,20007.0,Front-right,116.25,-15.75,111.74,-14.14,-5.35,-0.21,-0.27,-1.04,20.88,inf,Obstacle is driving toward the ego car longitudinally. Obstacle is moving away laterally to the right.
123.0,20013.0,Front-right,106.97,-14.61,102.47,-13.0,-6.99,-0.07,-0.17,-0.6,14.65,inf,Obstacle is driving toward the ego car longitudinally. Obstacle is moving away laterally to the right.
123.0,20017.0,Front-right,99.72,-13.61,95.21,-12.0,-7.58,-0.0,-0.01,-0.05,12.57,inf,Obstacle is driving toward the ego car longitudinally. No lateral relative motion.
123.0,20019.0,Front-right,92.82,-12.54,88.31,-10.93,-7.58,-0.0,-0.01,-0.05,11.66,inf,Obstacle is driving toward the ego car longitudinally. No lateral relative motion.
123.0,20021.0,Front-right,85.93,-11.43,81.42,-9.82,-7.58,-0.0,-0.01,-0.05,10.75,inf,Obstacle is driving toward the ego car longitudinally. No lateral relative motion.
123.0,20025.0,Front-right,79.05,-10.23,74.54,-8.62,-7.58,-0.0,-0.01,-0.05,9.84,inf,Obstacle is driving toward the ego car longitudinally. No lateral relative motion.
123.0,20035.0,Front-right,72.17,-9.03,67.67,-7.42,-7.58,-0.0,-0.01,-0.05,8.93,inf,Obstacle is driving toward the ego car longitudinally. No lateral relative motion.
123.0,20039.0,Front-right,65.3,-7.83,60.79,-6.22,-7.58,-0.0,-0.01,-0.05,8.02,inf,Obstacle is driving toward the ego car longitudinally. No lateral relative motion.
123.0,20045.0,Front-right,135.4,-29.93,130.89,-28.32,-7.58,0.0,-0.01,-0.05,17.28,inf,Obstacle is driving toward the ego car longitudinally. No lateral relative motion.
123.0,20047.0,Front-right,134.96,-36.9,130.45,-35.29,-7.58,0.0,-0.01,-0.05,17.22,inf,Obstacle is driving toward the ego car longitudinally. No lateral relative motion.
123.0,20049.0,Front-right,134.15,-49.71,129.64,-48.1,-7.58,0.0,-0.01,-0.05,17.11,inf,Obstacle is driving toward the ego car longitudinally. No lateral relative motion.
123.0,20050.0,Front-right,133.59,-58.63,129.08,-57.02,-7.58,0.0,-0.01,-0.05,17.04,inf,Obstacle is driving toward the ego car longitudinally. No lateral relative motion.
123.0,20051.0,Front-right,133.15,-65.6,128.64,-63.99,-7.58,0.0,-0.01,-0.05,16.98,inf,Obstacle is driving toward the ego car longitudinally. No lateral relative motion.
123.0,20052.0,Front-right,132.7,-72.58,128.2,-70.97,-7.58,0.0,-0.01,-0.05,16.92,inf,Obstacle is driving toward the ego car longitudinally. No lateral relative motion.
123.0,20053.0,Front-right,132.26,-79.56,127.75,-77.95,-7.58,0.0,-0.01,-0.05,16.86,inf,Obstacle is driving toward the ego car longitudinally. No lateral relative motion.
123.0,20054.0,Front-right,52.66,-5.62,48.15,-4.01,-7.58,-0.0,-0.01,-0.05,6.36,inf,Obstacle is driving toward the ego car longitudinally. No lateral relative motion.
123.0,20055.0,Front-right,131.45,-92.39,126.94,-90.78,-7.58,0.0,-0.01,-0.05,16.76,inf,Obstacle is driving toward the ego car longitudinally. No lateral relative motion.
123.0,20056.0,Front-right,130.89,-101.33,126.38,-99.72,-7.58,0.0,-0.01,-0.05,16.68,inf,Obstacle is driving toward the ego car longitudinally. No lateral relative motion.
123.0,20057.0,Front,133.88,-1.42,129.37,0.0,-7.58,-0.0,-0.01,-0.05,17.08,0.0,Obstacle is driving toward the ego car longitudinally. Exact lateral alignment or unknown case.
123.0,20058.0,Front-right,130.44,-108.32,125.94,-106.71,-7.58,0.0,-0.01,-0.05,16.62,inf,Obstacle is driving toward the ego car longitudinally. No lateral relative motion.
123.0,20059.0,Front-right,43.85,-4.16,39.34,-2.55,-7.58,-0.0,-0.01,-0.05,5.19,inf,Obstacle is driving toward the ego car longitudinally. No lateral relative motion.
123.0,20060.0,Front-left,134.46,5.54,129.95,3.93,-7.58,-0.0,-0.01,-0.05,17.15,inf,Obstacle is driving toward the ego car longitudinally. No lateral relative motion.
123.0,20061.0,Front-right,130.0,-115.32,125.49,-113.71,-7.58,0.0,-0.01,-0.05,16.56,inf,Obstacle is driving toward the ego car longitudinally. No lateral relative motion.
123.0,20062.0,Front-right,36.95,-3.12,32.44,-1.51,-7.58,-0.0,-0.01,-0.05,4.28,inf,Obstacle is driving toward the ego car longitudinally. No lateral relative motion.
123.0,20063.0,Front-right,30.03,-2.18,25.53,-0.57,-7.58,-0.0,-0.01,-0.05,3.37,inf,Obstacle is driving toward the ego car longitudinally. No lateral relative motion.
123.0,20064.0,Front-right,129.56,-122.32,125.05,-120.71,-7.58,0.0,-0.01,-0.05,16.51,inf,Obstacle is driving toward the ego car longitudinally. No lateral relative motion.
123.0,20066.0,Front-right,129.11,-129.35,124.61,-127.74,-7.58,0.02,-0.26,0.01,16.45,8421.02,Obstacle is driving toward the ego car longitudinally. Obstacle is driving toward the ego car laterally from the right.
124.0,20003.0,Front-right,130.16,-16.13,125.66,-14.52,-3.91,1.27,0.2,-1.3,32.15,11.43,Obstacle is driving toward the ego car longitudinally. Obstacle is driving toward the ego car laterally from the right.
124.0,20007.0,Front-right,115.73,-15.7,111.22,-14.09,-5.23,-0.21,-0.29,-1.11,21.25,inf,Obstacle is driving toward the ego car longitudinally. Obstacle is moving away laterally to the right.
124.0,20013.0,Front-right,106.29,-14.55,101.78,-12.94,-6.91,-0.08,-0.21,-0.75,14.73,inf,Obstacle is driving toward the ego car longitudinally. Obstacle is moving away laterally to the right.
124.0,20017.0,Front-right,98.97,-13.54,94.46,-11.93,-7.55,-0.0,-0.05,-0.17,12.51,inf,Obstacle is driving toward the ego car longitudinally. Obstacle is moving away laterally to the right.
124.0,20019.0,Front-right,92.07,-12.47,87.56,-10.86,-7.56,-0.0,-0.01,-0.07,11.58,inf,Obstacle is driving toward the ego car longitudinally. No lateral relative motion.
124.0,20021.0,Front-right,85.18,-11.37,80.67,-9.76,-7.56,-0.0,-0.01,-0.07,10.66,inf,Obstacle is driving toward the ego car longitudinally. No lateral relative motion.
124.0,20025.0,Front-right,78.3,-10.18,73.79,-8.57,-7.56,-0.0,-0.01,-0.07,9.76,inf,Obstacle is driving toward the ego car longitudinally. No lateral relative motion.
124.0,20035.0,Front-right,71.42,-8.98,66.91,-7.37,-7.56,-0.0,-0.01,-0.07,8.85,inf,Obstacle is driving toward the ego car longitudinally. No lateral relative motion.
124.0,20039.0,Front-right,64.55,-7.78,60.04,-6.17,-7.56,-0.0,-0.01,-0.07,7.94,inf,Obstacle is driving toward the ego car longitudinally. No lateral relative motion.
124.0,20045.0,Front-right,134.66,-29.84,130.16,-28.23,-7.56,0.0,-0.01,-0.07,17.21,inf,Obstacle is driving toward the ego car longitudinally. No lateral relative motion.
124.0,20047.0,Front-right,134.23,-36.81,129.72,-35.2,-7.56,0.0,-0.01,-0.07,17.15,inf,Obstacle is driving toward the ego car longitudinally. No lateral relative motion.
124.0,20049.0,Front-right,133.43,-49.62,128.92,-48.01,-7.56,0.0,-0.01,-0.07,17.04,inf,Obstacle is driving toward the ego car longitudinally. No lateral relative motion.
124.0,20050.0,Front-right,132.87,-58.54,128.36,-56.93,-7.56,0.0,-0.01,-0.07,16.97,inf,Obstacle is driving toward the ego car longitudinally. No lateral relative motion.
124.0,20051.0,Front-right,132.43,-65.51,127.92,-63.9,-7.56,0.0,-0.01,-0.07,16.91,inf,Obstacle is driving toward the ego car longitudinally. No lateral relative motion.
124.0,20052.0,Front-right,132.0,-72.49,127.49,-70.88,-7.56,0.0,-0.01,-0.07,16.85,inf,Obstacle is driving toward the ego car longitudinally. No lateral relative motion.
124.0,20053.0,Front-right,131.56,-79.47,127.05,-77.86,-7.56,0.0,-0.01,-0.07,16.8,inf,Obstacle is driving toward the ego car longitudinally. No lateral relative motion.
124.0,20054.0,Front-right,51.9,-5.58,47.39,-3.97,-7.56,-0.0,-0.01,-0.07,6.27,inf,Obstacle is driving toward the ego car longitudinally. No lateral relative motion.
124.0,20055.0,Front-right,130.76,-92.3,126.25,-90.69,-7.56,0.0,-0.01,-0.07,16.69,inf,Obstacle is driving toward the ego car longitudinally. No lateral relative motion.
124.0,20056.0,Front-right,130.2,-101.24,125.69,-99.63,-7.56,0.0,-0.01,-0.07,16.62,inf,Obstacle is driving toward the ego car longitudinally. No lateral relative motion.
124.0,20057.0,Front,133.12,-1.33,128.61,0.0,-7.56,-0.0,-0.01,-0.07,17.0,0.0,Obstacle is driving toward the ego car longitudinally. Exact lateral alignment or unknown case.
124.0,20058.0,Front-right,129.76,-108.23,125.25,-106.62,-7.56,0.0,-0.01,-0.07,16.56,inf,Obstacle is driving toward the ego car longitudinally. No lateral relative motion.
124.0,20059.0,Front-right,43.09,-4.13,38.58,-2.52,-7.56,-0.0,-0.01,-0.07,5.1,inf,Obstacle is driving toward the ego car longitudinally. No lateral relative motion.
124.0,20060.0,Front-left,133.69,5.63,129.19,4.02,-7.56,-0.0,-0.01,-0.07,17.08,inf,Obstacle is driving toward the ego car longitudinally. No lateral relative motion.
124.0,20061.0,Front-right,129.32,-115.23,124.81,-113.62,-7.56,0.0,-0.01,-0.07,16.5,inf,Obstacle is driving toward the ego car longitudinally. No lateral relative motion.
124.0,20062.0,Front-right,36.19,-3.1,31.68,-1.49,-7.56,-0.0,-0.01,-0.07,4.19,inf,Obstacle is driving toward the ego car longitudinally. No lateral relative motion.
124.0,20063.0,Front-right,29.28,-2.16,24.77,-0.55,-7.56,-0.0,-0.01,-0.07,3.27,inf,Obstacle is driving toward the ego car longitudinally. No lateral relative motion.
124.0,20064.0,Front-right,128.88,-122.24,124.37,-120.63,-7.56,0.0,-0.01,-0.07,16.44,inf,Obstacle is driving toward the ego car longitudinally. No lateral relative motion.
124.0,20066.0,Front-right,128.44,-129.27,123.93,-127.66,-7.56,0.0,-0.01,-0.07,16.38,inf,Obstacle is driving toward the ego car longitudinally. No lateral relative motion.
125.0,20003.0,Front-right,129.96,-15.43,125.45,-13.82,-3.78,1.33,0.19,-1.32,33.19,10.42,Obstacle is driving toward the ego car longitudinally. Obstacle is driving toward the ego car laterally from the right.
125.0,20007.0,Front-right,115.27,-15.24,110.77,-13.63,-5.11,-0.21,-0.29,-1.13,21.68,inf,Obstacle is driving toward the ego car longitudinally. Obstacle is moving away laterally to the right.
125.0,20013.0,Front-right,105.66,-14.12,101.15,-12.51,-6.82,-0.09,-0.22,-0.77,14.82,inf,Obstacle is driving toward the ego car longitudinally. Obstacle is moving away laterally to the right.
125.0,20017.0,Front-right,98.27,-13.14,93.76,-11.53,-7.53,-0.0,-0.05,-0.2,12.46,inf,Obstacle is driving toward the ego car longitudinally. Obstacle is moving away laterally to the right.
125.0,20019.0,Front-right,91.36,-12.1,86.85,-10.49,-7.55,-0.0,-0.02,-0.1,11.51,inf,Obstacle is driving toward the ego car longitudinally. No lateral relative motion.
125.0,20021.0,Front-right,84.47,-11.02,79.96,-9.41,-7.55,-0.0,-0.02,-0.1,10.59,inf,Obstacle is driving toward the ego car longitudinally. No lateral relative motion.
125.0,20025.0,Front-right,77.58,-9.85,73.08,-8.24,-7.55,-0.0,-0.02,-0.1,9.68,inf,Obstacle is driving toward the ego car longitudinally. No lateral relative motion.
125.0,20035.0,Front-right,70.7,-8.69,66.19,-7.08,-7.55,-0.0,-0.02,-0.1,8.77,inf,Obstacle is driving toward the ego car longitudinally. No lateral relative motion.
125.0,20039.0,Front-right,63.82,-7.52,59.32,-5.91,-7.55,-0.0,-0.02,-0.1,7.86,inf,Obstacle is driving toward the ego car longitudinally. No lateral relative motion.
125.0,20045.0,Front-right,134.03,-29.29,129.52,-27.68,-7.55,0.0,-0.02,-0.1,17.16,inf,Obstacle is driving toward the ego car longitudinally. No lateral relative motion.
125.0,20047.0,Front-right,133.62,-36.26,129.11,-34.65,-7.55,0.0,-0.02,-0.1,17.11,inf,Obstacle is driving toward the ego car longitudinally. No lateral relative motion.
125.0,20049.0,Front-right,132.87,-49.08,128.36,-47.47,-7.55,0.0,-0.02,-0.1,17.01,inf,Obstacle is driving toward the ego car longitudinally. No lateral relative motion.
125.0,20050.0,Front-right,132.35,-58.0,127.84,-56.39,-7.55,0.0,-0.02,-0.1,16.94,inf,Obstacle is driving toward the ego car longitudinally. No lateral relative motion.
125.0,20051.0,Front-right,131.94,-64.97,127.43,-63.36,-7.55,0.0,-0.02,-0.1,16.89,inf,Obstacle is driving toward the ego car longitudinally. No lateral relative motion.
125.0,20052.0,Front-right,131.53,-71.95,127.03,-70.34,-7.55,0.0,-0.02,-0.1,16.83,inf,Obstacle is driving toward the ego car longitudinally. No lateral relative motion.
125.0,20053.0,Front-right,131.13,-78.93,126.62,-77.32,-7.55,0.0,-0.02,-0.1,16.78,inf,Obstacle is driving toward the ego car longitudinally. No lateral relative motion.
125.0,20054.0,Front-right,51.17,-5.37,46.66,-3.76,-7.55,-0.0,-0.02,-0.1,6.18,inf,Obstacle is driving toward the ego car longitudinally. No lateral relative motion.
125.0,20055.0,Front-right,130.38,-91.76,125.87,-90.15,-7.55,0.0,-0.02,-0.1,16.68,inf,Obstacle is driving toward the ego car longitudinally. No lateral relative motion.
125.0,20056.0,Front-right,129.85,-100.7,125.35,-99.09,-7.55,0.0,-0.02,-0.1,16.61,inf,Obstacle is driving toward the ego car longitudinally. No lateral relative motion.
125.0,20057.0,Front,132.37,-0.78,127.86,0.0,-7.55,-0.0,-0.02,-0.1,16.94,0.0,Obstacle is driving toward the ego car longitudinally. Exact lateral alignment or unknown case.
125.0,20058.0,Front-right,129.44,-107.7,124.94,-106.09,-7.55,0.0,-0.02,-0.1,16.55,inf,Obstacle is driving toward the ego car longitudinally. No lateral relative motion.
125.0,20059.0,Front-right,42.35,-3.95,37.84,-2.34,-7.55,-0.0,-0.02,-0.1,5.01,inf,Obstacle is driving toward the ego car longitudinally. No lateral relative motion.
125.0,20060.0,Front-left,132.91,6.18,128.41,4.57,-7.55,-0.0,-0.02,-0.1,17.01,inf,Obstacle is driving toward the ego car longitudinally. No lateral relative motion.
125.0,20061.0,Front-right,129.04,-114.7,124.53,-113.09,-7.55,0.0,-0.02,-0.1,16.5,inf,Obstacle is driving toward the ego car longitudinally. No lateral relative motion.
125.0,20062.0,Front-right,35.45,-2.95,30.94,-1.34,-7.55,-0.0,-0.02,-0.1,4.1,inf,Obstacle is driving toward the ego car longitudinally. No lateral relative motion.
125.0,20063.0,Front-right,28.53,-2.04,24.02,-0.43,-7.55,-0.0,-0.02,-0.1,3.18,inf,Obstacle is driving toward the ego car longitudinally. No lateral relative motion.
125.0,20064.0,Front-right,128.63,-121.71,124.12,-120.1,-7.55,0.0,-0.02,-0.1,16.45,inf,Obstacle is driving toward the ego car longitudinally. No lateral relative motion.
125.0,20066.0,Front-right,128.21,-128.74,123.71,-127.13,-7.55,0.0,-0.02,-0.1,16.39,inf,Obstacle is driving toward the ego car longitudinally. No lateral relative motion.
126.0,20003.0,Front-right,129.79,-14.47,125.28,-12.86,-4.1,2.04,0.42,-1.23,30.57,6.32,Obstacle is driving toward the ego car longitudinally. Obstacle is driving toward the ego car laterally from the right.
126.0,20007.0,Front-right,114.86,-14.57,110.35,-12.96,-4.99,-0.21,-0.29,-1.11,22.12,inf,Obstacle is driving toward the ego car longitudinally. Obstacle is moving away laterally to the right.
126.0,20013.0,Front-right,105.06,-13.5,100.55,-11.89,-6.74,-0.09,-0.21,-0.75,14.92,inf,Obstacle is driving toward the ego car longitudinally. Obstacle is moving away laterally to the right.
126.0,20017.0,Front-right,97.59,-12.55,93.08,-10.94,-7.5,-0.0,-0.05,-0.17,12.41,inf,Obstacle is driving toward the ego car longitudinally. Obstacle is moving away laterally to the right.
126.0,20019.0,Front-right,90.68,-11.55,86.17,-9.94,-7.54,-0.0,-0.01,-0.07,11.44,inf,Obstacle is driving toward the ego car longitudinally. No lateral relative motion.
126.0,20021.0,Front-right,83.77,-10.52,79.27,-8.91,-7.54,-0.0,-0.01,-0.07,10.52,inf,Obstacle is driving toward the ego car longitudinally. No lateral relative motion.
126.0,20025.0,Front-right,76.89,-9.39,72.38,-7.78,-7.54,-0.0,-0.01,-0.07,9.61,inf,Obstacle is driving toward the ego car longitudinally. No lateral relative motion.
126.0,20035.0,Front-right,70.0,-8.26,65.49,-6.65,-7.54,-0.0,-0.01,-0.07,8.69,inf,Obstacle is driving toward the ego car longitudinally. No lateral relative motion.
126.0,20039.0,Front-right,63.11,-7.14,58.6,-5.53,-7.54,-0.0,-0.01,-0.07,7.78,inf,Obstacle is driving toward the ego car longitudinally. No lateral relative motion.
126.0,20045.0,Front-right,133.45,-28.49,128.94,-26.88,-7.54,0.0,-0.01,-0.07,17.11,inf,Obstacle is driving toward the ego car longitudinally. No lateral relative motion.
126.0,20047.0,Front-right,133.08,-35.46,128.57,-33.85,-7.54,0.0,-0.01,-0.07,17.06,inf,Obstacle is driving toward the ego car longitudinally. No lateral relative motion.
126.0,20049.0,Front-right,132.41,-48.28,127.9,-46.67,-7.54,0.0,-0.01,-0.07,16.97,inf,Obstacle is driving toward the ego car longitudinally. No lateral relative motion.
126.0,20050.0,Front-right,131.94,-57.2,127.43,-55.59,-7.54,0.0,-0.01,-0.07,16.91,inf,Obstacle is driving toward the ego car longitudinally. No lateral relative motion.
126.0,20051.0,Front-right,131.57,-64.18,127.06,-62.57,-7.54,0.0,-0.01,-0.07,16.86,inf,Obstacle is driving toward the ego car longitudinally. No lateral relative motion.
126.0,20052.0,Front-right,131.21,-71.16,126.7,-69.55,-7.54,0.0,-0.01,-0.07,16.81,inf,Obstacle is driving toward the ego car longitudinally. No lateral relative motion.
126.0,20053.0,Front-right,130.84,-78.14,126.33,-76.53,-7.54,0.0,-0.01,-0.07,16.77,inf,Obstacle is driving toward the ego car longitudinally. No lateral relative motion.
126.0,20054.0,Front-right,50.44,-5.06,45.94,-3.45,-7.54,-0.0,-0.01,-0.07,6.1,inf,Obstacle is driving toward the ego car longitudinally. No lateral relative motion.
126.0,20055.0,Front-right,130.17,-90.98,125.66,-89.37,-7.54,0.0,-0.01,-0.07,16.68,inf,Obstacle is driving toward the ego car longitudinally. No lateral relative motion.
126.0,20056.0,Front-right,129.7,-99.92,125.19,-98.31,-7.54,0.0,-0.01,-0.07,16.61,inf,Obstacle is driving toward the ego car longitudinally. No lateral relative motion.
126.0,20057.0,Front,131.61,0.01,127.11,0.0,-7.54,-0.0,-0.01,-0.07,16.87,0.0,Obstacle is driving toward the ego car longitudinally. Exact lateral alignment or unknown case.
126.0,20058.0,Front-right,129.33,-106.92,124.82,-105.31,-7.54,0.0,-0.01,-0.07,16.57,inf,Obstacle is driving toward the ego car longitudinally. No lateral relative motion.
126.0,20059.0,Front-right,41.62,-3.7,37.11,-2.09,-7.54,-0.0,-0.01,-0.07,4.93,inf,Obstacle is driving toward the ego car longitudinally. No lateral relative motion.
126.0,20060.0,Front-left,132.12,6.97,127.61,5.36,-7.54,-0.0,-0.01,-0.07,16.94,inf,Obstacle is driving toward the ego car longitudinally. No lateral relative motion.
126.0,20061.0,Front-right,128.96,-113.93,124.45,-112.32,-7.54,0.0,-0.01,-0.07,16.52,inf,Obstacle is driving toward the ego car longitudinally. No lateral relative motion.
126.0,20062.0,Front-right,34.71,-2.74,30.2,-1.13,-7.54,-0.0,-0.01,-0.07,4.01,inf,Obstacle is driving toward the ego car longitudinally. No lateral relative motion.
126.0,20063.0,Front-right,27.78,-1.87,23.28,-0.26,-7.54,-0.0,-0.01,-0.07,3.09,inf,Obstacle is driving toward the ego car longitudinally. No lateral relative motion.
126.0,20064.0,Front-right,128.59,-120.94,124.09,-119.33,-7.54,0.0,-0.01,-0.07,16.47,inf,Obstacle is driving toward the ego car longitudinally. No lateral relative motion.
126.0,20066.0,Front-right,128.23,-127.97,123.72,-126.36,-7.54,0.0,-0.01,-0.07,16.42,inf,Obstacle is driving toward the ego car longitudinally. No lateral relative motion.
127.0,20003.0,Front-right,129.6,-13.24,125.09,-11.63,-3.99,2.12,0.42,-1.25,31.35,5.47,Obstacle is driving toward the ego car longitudinally. Obstacle is driving toward the ego car laterally from the right.
127.0,20007.0,Front-right,114.47,-13.75,109.96,-12.14,-4.86,-0.2,-0.29,-1.13,22.61,inf,Obstacle is driving toward the ego car longitudinally. Obstacle is moving away laterally to the right.
127.0,20013.0,Front-right,104.49,-12.74,99.98,-11.13,-6.65,-0.09,-0.22,-0.76,15.02,inf,Obstacle is driving toward the ego car longitudinally. Obstacle is moving away laterally to the right.
127.0,20017.0,Front-right,96.93,-11.83,92.42,-10.22,-7.48,-0.01,-0.05,-0.19,12.36,inf,Obstacle is driving toward the ego car longitudinally. Obstacle is moving away laterally to the right.
127.0,20019.0,Front-right,90.01,-10.88,85.5,-9.27,-7.52,-0.0,-0.02,-0.09,11.37,inf,Obstacle is driving toward the ego car longitudinally. No lateral relative motion.
127.0,20021.0,Front-right,83.09,-9.9,78.59,-8.29,-7.52,-0.0,-0.02,-0.09,10.45,inf,Obstacle is driving toward the ego car longitudinally. No lateral relative motion.
127.0,20025.0,Front-right,76.2,-8.83,71.69,-7.22,-7.52,-0.0,-0.02,-0.09,9.53,inf,Obstacle is driving toward the ego car longitudinally. No lateral relative motion.
127.0,20035.0,Front-right,69.3,-7.75,64.79,-6.14,-7.52,-0.0,-0.02,-0.09,8.62,inf,Obstacle is driving toward the ego car longitudinally. No lateral relative motion.
127.0,20039.0,Front-right,62.41,-6.67,57.9,-5.06,-7.52,-0.0,-0.02,-0.09,7.7,inf,Obstacle is driving toward the ego car longitudinally. No lateral relative motion.
127.0,20045.0,Front-right,132.9,-27.51,128.39,-25.9,-7.52,0.0,-0.02,-0.09,17.08,inf,Obstacle is driving toward the ego car longitudinally. No lateral relative motion.
127.0,20047.0,Front-right,132.58,-34.48,128.07,-32.87,-7.52,0.0,-0.02,-0.09,17.03,inf,Obstacle is driving toward the ego car longitudinally. No lateral relative motion.
127.0,20049.0,Front-right,132.0,-47.31,127.5,-45.7,-7.52,0.0,-0.02,-0.09,16.96,inf,Obstacle is driving toward the ego car longitudinally. No lateral relative motion.
127.0,20050.0,Front-right,131.6,-56.23,127.09,-54.62,-7.52,0.0,-0.02,-0.09,16.9,inf,Obstacle is driving toward the ego car longitudinally. No lateral relative motion.
127.0,20051.0,Front-right,131.29,-63.21,126.78,-61.6,-7.52,0.0,-0.02,-0.09,16.86,inf,Obstacle is driving toward the ego car longitudinally. No lateral relative motion.
127.0,20052.0,Front-right,130.97,-70.19,126.46,-68.58,-7.52,0.0,-0.02,-0.09,16.82,inf,Obstacle is driving toward the ego car longitudinally. No lateral relative motion.
127.0,20053.0,Front-right,130.66,-77.18,126.15,-75.57,-7.52,0.0,-0.02,-0.09,16.78,inf,Obstacle is driving toward the ego car longitudinally. No lateral relative motion.
127.0,20054.0,Front-right,49.73,-4.69,45.22,-3.08,-7.52,-0.0,-0.02,-0.09,6.01,inf,Obstacle is driving toward the ego car longitudinally. No lateral relative motion.
127.0,20055.0,Front-right,130.08,-90.02,125.57,-88.41,-7.52,0.0,-0.02,-0.09,16.7,inf,Obstacle is driving toward the ego car longitudinally. No lateral relative motion.
127.0,20056.0,Front-right,129.67,-98.97,125.17,-97.36,-7.52,0.0,-0.02,-0.09,16.65,inf,Obstacle is driving toward the ego car longitudinally. No lateral relative motion.
127.0,20057.0,Front,130.86,0.98,126.35,0.0,-7.52,-0.0,-0.02,-0.09,16.8,0.0,Obstacle is driving toward the ego car longitudinally. Exact lateral alignment or unknown case.
127.0,20058.0,Front-right,129.36,-105.97,124.85,-104.36,-7.52,0.0,-0.02,-0.09,16.6,inf,Obstacle is driving toward the ego car longitudinally. No lateral relative motion.
127.0,20059.0,Front-right,40.89,-3.39,36.38,-1.78,-7.52,-0.0,-0.02,-0.09,4.84,inf,Obstacle is driving toward the ego car longitudinally. No lateral relative motion.
127.0,20060.0,Front-left,131.31,7.94,126.8,6.33,-7.52,-0.0,-0.02,-0.09,16.86,inf,Obstacle is driving toward the ego car longitudinally. No lateral relative motion.
127.0,20061.0,Front-right,129.04,-112.98,124.53,-111.37,-7.52,0.0,-0.02,-0.09,16.56,inf,Obstacle is driving toward the ego car longitudinally. No lateral relative motion.
127.0,20062.0,Front-right,33.97,-2.48,29.47,-0.87,-7.52,-0.0,-0.02,-0.09,3.92,inf,Obstacle is driving toward the ego car longitudinally. No lateral relative motion.
127.0,20063.0,Front-right,27.04,-1.67,22.54,-0.06,-7.52,-0.0,-0.02,-0.09,3.0,inf,Obstacle is driving toward the ego car longitudinally. No lateral relative motion.
127.0,20064.0,Front-right,128.73,-119.99,124.22,-118.38,-7.52,0.0,-0.02,-0.09,16.52,inf,Obstacle is driving toward the ego car longitudinally. No lateral relative motion.
127.0,20066.0,Front-right,128.41,-127.03,123.9,-125.42,-7.52,0.0,-0.02,-0.09,16.48,inf,Obstacle is driving toward the ego car longitudinally. No lateral relative motion.
128.0,20003.0,Front-right,129.48,-11.27,124.97,-9.66,-4.0,2.17,0.41,-1.27,31.26,4.45,Obstacle is driving toward the ego car longitudinally. Obstacle is driving toward the ego car laterally from the right.
128.0,20007.0,Front-right,114.15,-12.28,109.64,-10.67,-4.73,-0.17,-0.29,-1.15,23.16,inf,Obstacle is driving toward the ego car longitudinally. Obstacle is moving away laterally to the right.
128.0,20013.0,Front-right,103.98,-11.39,99.47,-9.78,-6.56,-0.09,-0.22,-0.78,15.16,inf,Obstacle is driving toward the ego car longitudinally. Obstacle is moving away laterally to the right.
128.0,20017.0,Front-right,96.33,-10.58,91.82,-8.97,-7.45,-0.01,-0.06,-0.21,12.33,inf,Obstacle is driving toward the ego car longitudinally. Obstacle is moving away laterally to the right.
128.0,20019.0,Front-right,89.39,-9.72,84.88,-8.11,-7.5,-0.0,-0.02,-0.11,11.32,inf,Obstacle is driving toward the ego car longitudinally. No lateral relative motion.
128.0,20021.0,Front-right,82.46,-8.83,77.95,-7.22,-7.5,-0.0,-0.02,-0.11,10.4,inf,Obstacle is driving toward the ego car longitudinally. No lateral relative motion.
128.0,20025.0,Front-right,75.55,-7.84,71.04,-6.23,-7.5,-0.0,-0.02,-0.11,9.47,inf,Obstacle is driving toward the ego car longitudinally. No lateral relative motion.
128.0,20035.0,Front-right,68.64,-6.85,64.13,-5.24,-7.5,-0.0,-0.02,-0.11,8.55,inf,Obstacle is driving toward the ego car longitudinally. No lateral relative motion.
128.0,20039.0,Front-right,61.74,-5.86,57.23,-4.25,-7.5,-0.0,-0.02,-0.11,7.63,inf,Obstacle is driving toward the ego car longitudinally. No lateral relative motion.
128.0,20045.0,Front-right,132.49,-25.79,127.98,-24.18,-7.5,0.0,-0.02,-0.11,17.07,inf,Obstacle is driving toward the ego car longitudinally. No lateral relative motion.
128.0,20047.0,Front-right,132.26,-32.76,127.76,-31.15,-7.5,0.0,-0.02,-0.11,17.04,inf,Obstacle is driving toward the ego car longitudinally. No lateral relative motion.
128.0,20049.0,Front-right,131.85,-45.6,127.34,-43.99,-7.5,0.0,-0.02,-0.11,16.98,inf,Obstacle is driving toward the ego car longitudinally. No lateral relative motion.
128.0,20050.0,Front-right,131.56,-54.53,127.06,-52.92,-7.5,0.0,-0.02,-0.11,16.94,inf,Obstacle is driving toward the ego car longitudinally. No lateral relative motion.
128.0,20051.0,Front-right,131.34,-61.51,126.83,-59.9,-7.5,0.0,-0.02,-0.11,16.91,inf,Obstacle is driving toward the ego car longitudinally. No lateral relative motion.
128.0,20052.0,Front-right,131.11,-68.5,126.61,-66.89,-7.5,0.0,-0.02,-0.11,16.88,inf,Obstacle is driving toward the ego car longitudinally. No lateral relative motion.
128.0,20053.0,Front-right,130.89,-75.49,126.38,-73.88,-7.5,0.0,-0.02,-0.11,16.85,inf,Obstacle is driving toward the ego car longitudinally. No lateral relative motion.
128.0,20054.0,Front-right,49.03,-4.05,44.52,-2.44,-7.5,-0.0,-0.02,-0.11,5.94,inf,Obstacle is driving toward the ego car longitudinally. No lateral relative motion.
128.0,20055.0,Front-right,130.48,-88.33,125.97,-86.72,-7.5,0.0,-0.02,-0.11,16.8,inf,Obstacle is driving toward the ego car longitudinally. No lateral relative motion.
128.0,20056.0,Front-right,130.19,-97.29,125.68,-95.68,-7.5,0.0,-0.02,-0.11,16.76,inf,Obstacle is driving toward the ego car longitudinally. No lateral relative motion.
128.0,20057.0,Front-left,130.08,2.67,125.57,1.06,-7.5,-0.0,-0.02,-0.11,16.75,inf,Obstacle is driving toward the ego car longitudinally. No lateral relative motion.
128.0,20058.0,Front-right,129.96,-104.29,125.46,-102.68,-7.5,0.0,-0.02,-0.11,16.73,inf,Obstacle is driving toward the ego car longitudinally. No lateral relative motion.
128.0,20059.0,Front-right,40.18,-2.86,35.67,-1.25,-7.5,-0.0,-0.02,-0.11,4.76,inf,Obstacle is driving toward the ego car longitudinally. No lateral relative motion.
128.0,20060.0,Front-left,130.44,9.64,125.94,8.03,-7.5,-0.0,-0.02,-0.11,16.79,inf,Obstacle is driving toward the ego car longitudinally. No lateral relative motion.
128.0,20061.0,Front-right,129.74,-111.3,125.23,-109.69,-7.5,0.0,-0.02,-0.11,16.7,inf,Obstacle is driving toward the ego car longitudinally. No lateral relative motion.
128.0,20062.0,Front-right,33.25,-2.04,28.74,-0.43,-7.5,-0.0,-0.02,-0.11,3.83,inf,Obstacle is driving toward the ego car longitudinally. No lateral relative motion.
128.0,20063.0,Front,26.31,-1.32,21.8,0.0,-7.5,-0.0,-0.02,-0.11,2.91,0.0,Obstacle is driving toward the ego car longitudinally. Exact lateral alignment or unknown case.
128.0,20064.0,Front-right,129.51,-118.32,125.0,-116.71,-7.5,0.0,-0.02,-0.11,16.67,inf,Obstacle is driving toward the ego car longitudinally. No lateral relative motion.
128.0,20066.0,Front-right,129.29,-125.36,124.78,-123.75,-7.5,0.0,-0.02,-0.11,16.64,inf,Obstacle is driving toward the ego car longitudinally. No lateral relative motion.
129.0,20003.0,Front-right,129.27,-10.06,124.76,-8.45,-4.41,2.93,0.64,-1.13,28.27,2.89,Obstacle is driving toward the ego car longitudinally. Obstacle is driving toward the ego car laterally from the right.
129.0,20007.0,Front-right,113.77,-11.52,109.26,-9.91,-4.61,-0.16,-0.3,-1.14,23.7,inf,Obstacle is driving toward the ego car longitudinally. Obstacle is moving away laterally to the right.
129.0,20013.0,Front-right,103.4,-10.69,98.89,-9.08,-6.47,-0.09,-0.25,-0.84,15.29,inf,Obstacle is driving toward the ego car longitudinally. Obstacle is moving away laterally to the right.
129.0,20017.0,Front-right,95.65,-9.92,91.15,-8.31,-7.4,-0.01,-0.11,-0.36,12.31,inf,Obstacle is driving toward the ego car longitudinally. Obstacle is moving away laterally to the right.
129.0,20019.0,Front-right,88.7,-9.11,84.19,-7.5,-7.49,-0.0,-0.02,-0.07,11.25,inf,Obstacle is driving toward the ego car longitudinally. No lateral relative motion.
129.0,20021.0,Front-right,81.77,-8.26,77.26,-6.65,-7.49,-0.0,-0.02,-0.07,10.32,inf,Obstacle is driving toward the ego car longitudinally. No lateral relative motion.
129.0,20025.0,Front-right,74.85,-7.32,70.35,-5.71,-7.49,-0.0,-0.02,-0.07,9.4,inf,Obstacle is driving toward the ego car longitudinally. No lateral relative motion.
129.0,20035.0,Front-right,67.94,-6.38,63.43,-4.77,-7.49,-0.0,-0.02,-0.07,8.47,inf,Obstacle is driving toward the ego car longitudinally. No lateral relative motion.
129.0,20039.0,Front-right,61.03,-5.44,56.52,-3.83,-7.49,-0.0,-0.02,-0.07,7.55,inf,Obstacle is driving toward the ego car longitudinally. No lateral relative motion.
129.0,20045.0,Front-right,131.91,-24.88,127.4,-23.27,-7.49,0.0,-0.02,-0.07,17.02,inf,Obstacle is driving toward the ego car longitudinally. No lateral relative motion.
129.0,20047.0,Front-right,131.73,-31.86,127.23,-30.25,-7.49,0.0,-0.02,-0.07,17.0,inf,Obstacle is driving toward the ego car longitudinally. No lateral relative motion.
129.0,20049.0,Front-right,131.41,-44.69,126.9,-43.08,-7.49,0.0,-0.02,-0.07,16.95,inf,Obstacle is driving toward the ego car longitudinally. No lateral relative motion.
129.0,20050.0,Front-right,131.18,-53.62,126.68,-52.01,-7.49,0.0,-0.02,-0.07,16.92,inf,Obstacle is driving toward the ego car longitudinally. No lateral relative motion.
129.0,20051.0,Front-right,131.01,-60.61,126.5,-59.0,-7.49,0.0,-0.02,-0.07,16.9,inf,Obstacle is driving toward the ego car longitudinally. No lateral relative motion.
129.0,20052.0,Front-right,130.83,-67.59,126.32,-65.98,-7.49,0.0,-0.02,-0.07,16.88,inf,Obstacle is driving toward the ego car longitudinally. No lateral relative motion.
129.0,20053.0,Front-right,130.65,-74.58,126.15,-72.97,-7.49,0.0,-0.02,-0.07,16.85,inf,Obstacle is driving toward the ego car longitudinally. No lateral relative motion.
129.0,20054.0,Front-right,48.3,-3.71,43.8,-2.1,-7.49,-0.0,-0.02,-0.07,5.85,inf,Obstacle is driving toward the ego car longitudinally. No lateral relative motion.
129.0,20055.0,Front-right,130.33,-87.44,125.82,-85.83,-7.49,0.0,-0.02,-0.07,16.81,inf,Obstacle is driving toward the ego car longitudinally. No lateral relative motion.
129.0,20056.0,Front-right,130.1,-96.39,125.59,-94.78,-7.49,0.0,-0.02,-0.07,16.78,inf,Obstacle is driving toward the ego car longitudinally. No lateral relative motion.
129.0,20057.0,Front-left,129.31,3.56,124.8,1.95,-7.49,-0.0,-0.02,-0.07,16.67,inf,Obstacle is driving toward the ego car longitudinally. No lateral relative motion.
129.0,20058.0,Front-right,129.93,-103.39,125.42,-101.78,-7.49,0.0,-0.02,-0.07,16.75,inf,Obstacle is driving toward the ego car longitudinally. No lateral relative motion.
129.0,20059.0,Front-right,39.45,-2.59,34.94,-0.98,-7.49,-0.0,-0.02,-0.07,4.67,inf,Obstacle is driving toward the ego car longitudinally. No lateral relative motion.
129.0,20060.0,Front-left,129.62,10.53,125.11,8.92,-7.49,-0.0,-0.02,-0.07,16.71,inf,Obstacle is driving toward the ego car longitudinally. No lateral relative motion.
129.0,20061.0,Front-right,129.75,-110.4,125.24,-108.79,-7.49,0.0,-0.02,-0.07,16.73,inf,Obstacle is driving toward the ego car longitudinally. No lateral relative motion.
129.0,20062.0,Front-right,32.51,-1.81,28.0,-0.2,-7.49,-0.0,-0.02,-0.07,3.74,inf,Obstacle is driving toward the ego car longitudinally. No lateral relative motion.
129.0,20063.0,Front,25.57,-1.14,21.06,0.0,-7.49,-0.0,-0.02,-0.07,2.81,0.0,Obstacle is driving toward the ego car longitudinally. Exact lateral alignment or unknown case.
129.0,20064.0,Front-right,129.57,-117.42,125.06,-115.81,-7.49,0.0,-0.02,-0.07,16.71,inf,Obstacle is driving toward the ego car longitudinally. No lateral relative motion.
129.0,20066.0,Front-right,129.39,-124.47,124.88,-122.86,-7.49,0.0,-0.02,-0.07,16.68,inf,Obstacle is driving toward the ego car longitudinally. No lateral relative motion.
130.0,20003.0,Front-right,128.97,-9.14,124.46,-7.53,-4.32,3.02,0.64,-1.14,28.83,2.49,Obstacle is driving toward the ego car longitudinally. Obstacle is driving toward the ego car laterally from the right.
130.0,20007.0,Front-right,113.35,-11.07,108.85,-9.46,-4.48,-0.15,-0.3,-1.16,24.29,inf,Obstacle is driving toward the ego car longitudinally. Obstacle is moving away laterally to the right.
130.0,20013.0,Front-right,102.8,-10.28,98.29,-8.67,-6.37,-0.09,-0.25,-0.86,15.43,inf,Obstacle is driving toward the ego car longitudinally. Obstacle is moving away laterally to the right.
130.0,20017.0,Front-right,94.95,-9.54,90.45,-7.93,-7.36,-0.01,-0.11,-0.38,12.3,inf,Obstacle is driving toward the ego car longitudinally. Obstacle is moving away laterally to the right.
130.0,20019.0,Front-right,87.99,-8.75,83.48,-7.14,-7.47,-0.0,-0.02,-0.09,11.18,inf,Obstacle is driving toward the ego car longitudinally. No lateral relative motion.
130.0,20021.0,Front-right,81.05,-7.93,76.55,-6.32,-7.47,-0.0,-0.02,-0.09,10.25,inf,Obstacle is driving toward the ego car longitudinally. No lateral relative motion.
130.0,20025.0,Front-right,74.13,-7.02,69.63,-5.41,-7.47,-0.0,-0.02,-0.09,9.32,inf,Obstacle is driving toward the ego car longitudinally. No lateral relative motion.
130.0,20035.0,Front-right,67.21,-6.11,62.7,-4.5,-7.47,-0.0,-0.02,-0.09,8.4,inf,Obstacle is driving toward the ego car longitudinally. No lateral relative motion.
130.0,20039.0,Front-right,60.3,-5.2,55.79,-3.59,-7.47,-0.0,-0.02,-0.09,7.47,inf,Obstacle is driving toward the ego car longitudinally. No lateral relative motion.
130.0,20045.0,Front-right,131.26,-24.35,126.75,-22.74,-7.47,0.0,-0.02,-0.09,16.97,inf,Obstacle is driving toward the ego car longitudinally. No lateral relative motion.
130.0,20047.0,Front-right,131.11,-31.33,126.6,-29.72,-7.47,0.0,-0.02,-0.09,16.95,inf,Obstacle is driving toward the ego car longitudinally. No lateral relative motion.
130.0,20049.0,Front-right,130.84,-44.16,126.33,-42.55,-7.47,0.0,-0.02,-0.09,16.92,inf,Obstacle is driving toward the ego car longitudinally. No lateral relative motion.
130.0,20050.0,Front-right,130.65,-53.1,126.14,-51.49,-7.47,0.0,-0.02,-0.09,16.89,inf,Obstacle is driving toward the ego car longitudinally. No lateral relative motion.
130.0,20051.0,Front-right,130.5,-60.08,125.99,-58.47,-7.47,0.0,-0.02,-0.09,16.87,inf,Obstacle is driving toward the ego car longitudinally. No lateral relative motion.
130.0,20052.0,Front-right,130.35,-67.07,125.84,-65.46,-7.47,0.0,-0.02,-0.09,16.85,inf,Obstacle is driving toward the ego car longitudinally. No lateral relative motion.
130.0,20053.0,Front-right,130.2,-74.06,125.7,-72.45,-7.47,0.0,-0.02,-0.09,16.83,inf,Obstacle is driving toward the ego car longitudinally. No lateral relative motion.
130.0,20054.0,Front-right,47.57,-3.52,43.06,-1.91,-7.47,-0.0,-0.02,-0.09,5.77,inf,Obstacle is driving toward the ego car longitudinally. No lateral relative motion.
130.0,20055.0,Front-right,129.93,-86.91,125.42,-85.3,-7.47,0.0,-0.02,-0.09,16.79,inf,Obstacle is driving toward the ego car longitudinally. No lateral relative motion.
130.0,20056.0,Front-right,129.74,-95.87,125.23,-94.26,-7.47,0.0,-0.02,-0.09,16.77,inf,Obstacle is driving toward the ego car longitudinally. No lateral relative motion.
130.0,20057.0,Front-left,128.54,4.08,124.04,2.47,-7.47,-0.0,-0.02,-0.09,16.61,inf,Obstacle is driving toward the ego car longitudinally. No lateral relative motion.
130.0,20058.0,Front-right,129.59,-102.87,125.08,-101.26,-7.47,0.0,-0.02,-0.09,16.75,inf,Obstacle is driving toward the ego car longitudinally. No lateral relative motion.
130.0,20059.0,Front-right,38.71,-2.43,34.2,-0.82,-7.47,-0.0,-0.02,-0.09,4.58,inf,Obstacle is driving toward the ego car longitudinally. No lateral relative motion.
130.0,20060.0,Front-left,128.83,11.05,124.32,9.44,-7.47,-0.0,-0.02,-0.09,16.65,inf,Obstacle is driving toward the ego car longitudinally. No lateral relative motion.
130.0,20061.0,Front-right,129.44,-109.88,124.93,-108.27,-7.47,0.0,-0.02,-0.09,16.73,inf,Obstacle is driving toward the ego car longitudinally. No lateral relative motion.
130.0,20062.0,Front-right,31.77,-1.68,27.26,-0.07,-7.47,-0.0,-0.02,-0.09,3.65,inf,Obstacle is driving toward the ego car longitudinally. No lateral relative motion.
130.0,20063.0,Front,24.82,-1.04,20.31,0.0,-7.47,-0.0,-0.02,-0.09,2.72,0.0,Obstacle is driving toward the ego car longitudinally. Exact lateral alignment or unknown case.
130.0,20064.0,Front-right,129.29,-116.9,124.78,-115.29,-7.47,0.0,-0.02,-0.09,16.71,inf,Obstacle is driving toward the ego car longitudinally. No lateral relative motion.
130.0,20066.0,Front-right,129.14,-123.94,124.63,-122.33,-7.47,0.0,-0.02,-0.09,16.69,inf,Obstacle is driving toward the ego car longitudinally. No lateral relative motion.
131.0,20003.0,Front-right,128.67,-8.45,124.16,-6.84,-4.21,3.12,0.63,-1.16,29.46,2.19,Obstacle is driving toward the ego car longitudinally. Obstacle is driving toward the ego car laterally from the right.
131.0,20007.0,Front-right,112.94,-10.84,108.43,-9.23,-4.35,-0.15,-0.3,-1.18,24.92,inf,Obstacle is driving toward the ego car longitudinally. Obstacle is moving away laterally to the right.
131.0,20013.0,Front-right,102.19,-10.06,97.68,-8.45,-6.27,-0.1,-0.25,-0.88,15.58,inf,Obstacle is driving toward the ego car longitudinally. Obstacle is moving away laterally to the right.
131.0,20017.0,Front-right,94.24,-9.33,89.73,-7.72,-7.3,-0.02,-0.12,-0.4,12.29,inf,Obstacle is driving toward the ego car longitudinally. Obstacle is moving away laterally to the right.
131.0,20019.0,Front-right,87.26,-8.56,82.75,-6.95,-7.45,-0.0,-0.02,-0.11,11.11,inf,Obstacle is driving toward the ego car longitudinally. No lateral relative motion.
131.0,20021.0,Front-right,80.32,-7.76,75.82,-6.15,-7.45,-0.0,-0.02,-0.11,10.18,inf,Obstacle is driving toward the ego car longitudinally. No lateral relative motion.
131.0,20025.0,Front-right,73.4,-6.86,68.89,-5.25,-7.45,-0.0,-0.02,-0.11,9.25,inf,Obstacle is driving toward the ego car longitudinally. No lateral relative motion.
131.0,20035.0,Front-right,66.48,-5.96,61.97,-4.35,-7.45,-0.0,-0.02,-0.11,8.32,inf,Obstacle is driving toward the ego car longitudinally. No lateral relative motion.
131.0,20039.0,Front-right,59.56,-5.06,55.05,-3.45,-7.45,-0.0,-0.02,-0.11,7.39,inf,Obstacle is driving toward the ego car longitudinally. No lateral relative motion.
131.0,20045.0,Front-right,130.57,-24.06,126.06,-22.45,-7.45,0.0,-0.02,-0.11,16.93,inf,Obstacle is driving toward the ego car longitudinally. No lateral relative motion.
131.0,20047.0,Front-right,130.43,-31.04,125.93,-29.43,-7.45,0.0,-0.02,-0.11,16.91,inf,Obstacle is driving toward the ego car longitudinally. No lateral relative motion.
131.0,20049.0,Front-right,130.19,-43.88,125.68,-42.27,-7.45,0.0,-0.02,-0.11,16.87,inf,Obstacle is driving toward the ego car longitudinally. No lateral relative motion.
131.0,20050.0,Front-right,130.02,-52.81,125.51,-51.2,-7.45,0.0,-0.02,-0.11,16.85,inf,Obstacle is driving toward the ego car longitudinally. No lateral relative motion.
131.0,20051.0,Front-right,129.88,-59.79,125.38,-58.18,-7.45,0.0,-0.02,-0.11,16.83,inf,Obstacle is driving toward the ego car longitudinally. No lateral relative motion.
131.0,20052.0,Front-right,129.75,-66.78,125.24,-65.17,-7.45,0.0,-0.02,-0.11,16.82,inf,Obstacle is driving toward the ego car longitudinally. No lateral relative motion.
131.0,20053.0,Front-right,129.62,-73.77,125.11,-72.16,-7.45,0.0,-0.02,-0.11,16.8,inf,Obstacle is driving toward the ego car longitudinally. No lateral relative motion.
131.0,20054.0,Front-right,46.83,-3.41,42.32,-1.8,-7.45,-0.0,-0.02,-0.11,5.68,inf,Obstacle is driving toward the ego car longitudinally. No lateral relative motion.
131.0,20055.0,Front-right,129.37,-86.63,124.87,-85.02,-7.45,0.0,-0.02,-0.11,16.77,inf,Obstacle is driving toward the ego car longitudinally. No lateral relative motion.
131.0,20056.0,Front-right,129.2,-95.58,124.69,-93.97,-7.45,0.0,-0.02,-0.11,16.74,inf,Obstacle is driving toward the ego car longitudinally. No lateral relative motion.
131.0,20057.0,Front-left,127.79,4.36,123.28,2.75,-7.45,-0.0,-0.02,-0.11,16.55,inf,Obstacle is driving toward the ego car longitudinally. No lateral relative motion.
131.0,20058.0,Front-right,129.07,-102.59,124.56,-100.98,-7.45,0.0,-0.02,-0.11,16.72,inf,Obstacle is driving toward the ego car longitudinally. No lateral relative motion.
131.0,20059.0,Front-right,37.97,-2.35,33.46,-0.74,-7.45,-0.0,-0.02,-0.11,4.49,inf,Obstacle is driving toward the ego car longitudinally. No lateral relative motion.
131.0,20060.0,Front-left,128.06,11.34,123.55,9.73,-7.45,-0.0,-0.02,-0.11,16.59,inf,Obstacle is driving toward the ego car longitudinally. No lateral relative motion.
131.0,20061.0,Front-right,128.93,-109.6,124.43,-107.99,-7.45,0.0,-0.02,-0.11,16.71,inf,Obstacle is driving toward the ego car longitudinally. No lateral relative motion.
131.0,20062.0,Front-right,31.03,-1.61,26.52,-0.0,-7.45,-0.0,-0.02,-0.11,3.56,inf,Obstacle is driving toward the ego car longitudinally. No lateral relative motion.
131.0,20063.0,Front,24.08,-0.98,19.57,0.0,-7.45,-0.0,-0.02,-0.11,2.63,0.0,Obstacle is driving toward the ego car longitudinally. Exact lateral alignment or unknown case.
131.0,20064.0,Front-right,128.8,-116.62,124.29,-115.01,-7.45,0.0,-0.02,-0.11,16.69,inf,Obstacle is driving toward the ego car longitudinally. No lateral relative motion.
131.0,20066.0,Front-right,128.67,-123.66,124.16,-122.05,-7.45,0.0,-0.02,-0.11,16.67,inf,Obstacle is driving toward the ego car longitudinally. No lateral relative motion.
132.0,20003.0,Front-right,128.29,-8.11,123.78,-6.5,-4.81,3.79,0.83,-0.97,25.73,1.71,Obstacle is driving toward the ego car longitudinally. Obstacle is driving toward the ego car laterally from the right.
132.0,20007.0,Front-right,112.49,-10.96,107.99,-9.35,-4.23,-0.16,-0.3,-1.14,25.55,inf,Obstacle is driving toward the ego car longitudinally. Obstacle is moving away laterally to the right.
132.0,20013.0,Front-right,101.55,-10.17,97.05,-8.56,-6.18,-0.1,-0.25,-0.84,15.71,inf,Obstacle is driving toward the ego car longitudinally. Obstacle is moving away laterally to the right.
132.0,20017.0,Front-right,93.5,-9.42,88.99,-7.81,-7.26,-0.02,-0.11,-0.36,12.26,inf,Obstacle is driving toward the ego car longitudinally. Obstacle is moving away laterally to the right.
132.0,20019.0,Front-right,86.5,-8.64,82.0,-7.03,-7.43,-0.0,-0.02,-0.07,11.03,inf,Obstacle is driving toward the ego car longitudinally. No lateral relative motion.
132.0,20021.0,Front-right,79.57,-7.83,75.06,-6.22,-7.43,-0.0,-0.02,-0.07,10.1,inf,Obstacle is driving toward the ego car longitudinally. No lateral relative motion.
132.0,20025.0,Front-right,72.65,-6.93,68.14,-5.32,-7.43,-0.0,-0.02,-0.07,9.17,inf,Obstacle is driving toward the ego car longitudinally. No lateral relative motion.
132.0,20035.0,Front-right,65.73,-6.02,61.22,-4.41,-7.43,-0.0,-0.02,-0.07,8.23,inf,Obstacle is driving toward the ego car longitudinally. No lateral relative motion.
132.0,20039.0,Front-right,58.81,-5.12,54.3,-3.51,-7.43,-0.0,-0.02,-0.07,7.3,inf,Obstacle is driving toward the ego car longitudinally. No lateral relative motion.
132.0,20045.0,Front-right,129.8,-24.18,125.29,-22.57,-7.43,0.0,-0.02,-0.07,16.85,inf,Obstacle is driving toward the ego car longitudinally. No lateral relative motion.
132.0,20047.0,Front-right,129.66,-31.16,125.15,-29.55,-7.43,0.0,-0.02,-0.07,16.83,inf,Obstacle is driving toward the ego car longitudinally. No lateral relative motion.
132.0,20049.0,Front-right,129.4,-44.0,124.89,-42.39,-7.43,0.0,-0.02,-0.07,16.8,inf,Obstacle is driving toward the ego car longitudinally. No lateral relative motion.
132.0,20050.0,Front-right,129.22,-52.93,124.71,-51.32,-7.43,0.0,-0.02,-0.07,16.77,inf,Obstacle is driving toward the ego car longitudinally. No lateral relative motion.
132.0,20051.0,Front-right,129.08,-59.92,124.57,-58.31,-7.43,0.0,-0.02,-0.07,16.76,inf,Obstacle is driving toward the ego car longitudinally. No lateral relative motion.
132.0,20052.0,Front-right,128.94,-66.91,124.43,-65.3,-7.43,0.0,-0.02,-0.07,16.74,inf,Obstacle is driving toward the ego car longitudinally. No lateral relative motion.
132.0,20053.0,Front-right,128.8,-73.9,124.29,-72.29,-7.43,0.0,-0.02,-0.07,16.72,inf,Obstacle is driving toward the ego car longitudinally. No lateral relative motion.
132.0,20054.0,Front-right,46.08,-3.46,41.57,-1.85,-7.43,-0.0,-0.02,-0.07,5.59,inf,Obstacle is driving toward the ego car longitudinally. No lateral relative motion.
132.0,20055.0,Front-right,128.54,-86.75,124.04,-85.14,-7.43,0.0,-0.02,-0.07,16.68,inf,Obstacle is driving toward the ego car longitudinally. No lateral relative motion.
132.0,20056.0,Front-right,128.36,-95.71,123.86,-94.1,-7.43,0.0,-0.02,-0.07,16.66,inf,Obstacle is driving toward the ego car longitudinally. No lateral relative motion.
132.0,20057.0,Front-left,127.04,4.24,122.54,2.63,-7.43,-0.0,-0.02,-0.07,16.48,inf,Obstacle is driving toward the ego car longitudinally. No lateral relative motion.
132.0,20058.0,Front-right,128.22,-102.71,123.72,-101.1,-7.43,0.0,-0.02,-0.07,16.64,inf,Obstacle is driving toward the ego car longitudinally. No lateral relative motion.
132.0,20059.0,Front-right,37.22,-2.38,32.71,-0.77,-7.43,-0.0,-0.02,-0.07,4.4,inf,Obstacle is driving toward the ego car longitudinally. No lateral relative motion.
132.0,20060.0,Front-left,127.32,11.21,122.82,9.6,-7.43,-0.0,-0.02,-0.07,16.52,inf,Obstacle is driving toward the ego car longitudinally. No lateral relative motion.
132.0,20061.0,Front-right,128.08,-109.72,123.57,-108.11,-7.43,0.0,-0.02,-0.07,16.62,inf,Obstacle is driving toward the ego car longitudinally. No lateral relative motion.
132.0,20062.0,Front-right,30.28,-1.64,25.77,-0.03,-7.43,-0.0,-0.02,-0.07,3.47,inf,Obstacle is driving toward the ego car longitudinally. No lateral relative motion.
132.0,20063.0,Front,23.33,-1.0,18.82,0.0,-7.43,-0.0,-0.02,-0.07,2.53,0.0,Obstacle is driving toward the ego car longitudinally. Exact lateral alignment or unknown case.
132.0,20064.0,Front-right,127.94,-116.74,123.43,-115.13,-7.43,0.0,-0.02,-0.07,16.6,inf,Obstacle is driving toward the ego car longitudinally. No lateral relative motion.
132.0,20066.0,Front-right,127.8,-123.79,123.29,-122.18,-7.43,0.0,-0.02,-0.07,16.58,inf,Obstacle is driving toward the ego car longitudinally. No lateral relative motion.
133.0,20003.0,Front-right,127.88,-7.97,123.37,-6.36,-4.71,3.89,0.83,-0.99,26.18,1.63,Obstacle is driving toward the ego car longitudinally. Obstacle is driving toward the ego car laterally from the right.
133.0,20007.0,Front-right,112.04,-11.3,107.54,-9.69,-4.1,-0.17,-0.3,-1.16,26.23,inf,Obstacle is driving toward the ego car longitudinally. Obstacle is moving away laterally to the right.
133.0,20013.0,Front-right,100.91,-10.47,96.4,-8.86,-6.08,-0.11,-0.25,-0.86,15.86,inf,Obstacle is driving toward the ego car longitudinally. Obstacle is moving away laterally to the right.
133.0,20017.0,Front-right,92.75,-9.69,88.24,-8.08,-7.21,-0.02,-0.12,-0.38,12.23,inf,Obstacle is driving toward the ego car longitudinally. Obstacle is moving away laterally to the right.
133.0,20019.0,Front-right,85.73,-8.88,81.23,-7.27,-7.42,-0.0,-0.02,-0.09,10.95,inf,Obstacle is driving toward the ego car longitudinally. No lateral relative motion.
133.0,20021.0,Front-right,78.8,-8.06,74.3,-6.45,-7.42,-0.0,-0.02,-0.09,10.02,inf,Obstacle is driving toward the ego car longitudinally. No lateral relative motion.
133.0,20025.0,Front-right,71.88,-7.13,67.38,-5.52,-7.42,-0.0,-0.02,-0.09,9.08,inf,Obstacle is driving toward the ego car longitudinally. No lateral relative motion.
133.0,20035.0,Front-right,64.97,-6.21,60.46,-4.6,-7.42,-0.0,-0.02,-0.09,8.15,inf,Obstacle is driving toward the ego car longitudinally. No lateral relative motion.
133.0,20039.0,Front-right,58.05,-5.29,53.54,-3.68,-7.42,-0.0,-0.02,-0.09,7.22,inf,Obstacle is driving toward the ego car longitudinally. No lateral relative motion.
133.0,20045.0,Front-right,128.98,-24.55,124.48,-22.94,-7.42,0.0,-0.02,-0.09,16.78,inf,Obstacle is driving toward the ego car longitudinally. No lateral relative motion.
133.0,20047.0,Front-right,128.82,-31.53,124.32,-29.92,-7.42,0.0,-0.02,-0.09,16.76,inf,Obstacle is driving toward the ego car longitudinally. No lateral relative motion.
133.0,20049.0,Front-right,128.53,-44.37,124.02,-42.76,-7.42,0.0,-0.02,-0.09,16.72,inf,Obstacle is driving toward the ego car longitudinally. No lateral relative motion.
133.0,20050.0,Front-right,128.33,-53.3,123.82,-51.69,-7.42,0.0,-0.02,-0.09,16.69,inf,Obstacle is driving toward the ego car longitudinally. No lateral relative motion.
133.0,20051.0,Front-right,128.17,-60.28,123.66,-58.67,-7.42,0.0,-0.02,-0.09,16.67,inf,Obstacle is driving toward the ego car longitudinally. No lateral relative motion.
133.0,20052.0,Front-right,128.01,-67.27,123.5,-65.66,-7.42,0.0,-0.02,-0.09,16.65,inf,Obstacle is driving toward the ego car longitudinally. No lateral relative motion.
133.0,20053.0,Front-right,127.85,-74.26,123.34,-72.65,-7.42,0.0,-0.02,-0.09,16.63,inf,Obstacle is driving toward the ego car longitudinally. No lateral relative motion.
133.0,20054.0,Front-right,45.33,-3.59,40.82,-1.98,-7.42,-0.0,-0.02,-0.09,5.5,inf,Obstacle is driving toward the ego car longitudinally. No lateral relative motion.
133.0,20055.0,Front-right,127.55,-87.11,123.05,-85.5,-7.42,0.0,-0.02,-0.09,16.59,inf,Obstacle is driving toward the ego car longitudinally. No lateral relative motion.
133.0,20056.0,Front-right,127.35,-96.07,122.84,-94.46,-7.42,0.0,-0.02,-0.09,16.56,inf,Obstacle is driving toward the ego car longitudinally. No lateral relative motion.
133.0,20057.0,Front-left,126.31,3.88,121.8,2.27,-7.42,-0.0,-0.02,-0.09,16.42,inf,Obstacle is driving toward the ego car longitudinally. No lateral relative motion.
133.0,20058.0,Front-right,127.19,-103.07,122.68,-101.46,-7.42,0.0,-0.02,-0.09,16.54,inf,Obstacle is driving toward the ego car longitudinally. No lateral relative motion.
133.0,20059.0,Front-right,36.47,-2.49,31.96,-0.88,-7.42,-0.0,-0.02,-0.09,4.31,inf,Obstacle is driving toward the ego car longitudinally. No lateral relative motion.
133.0,20060.0,Front-left,126.61,10.85,122.1,9.24,-7.42,-0.0,-0.02,-0.09,16.46,inf,Obstacle is driving toward the ego car longitudinally. No lateral relative motion.
133.0,20061.0,Front-right,127.03,-110.08,122.52,-108.47,-7.42,0.0,-0.02,-0.09,16.52,inf,Obstacle is driving toward the ego car longitudinally. No lateral relative motion.
133.0,20062.0,Front-right,29.53,-1.73,25.02,-0.12,-7.42,-0.0,-0.02,-0.09,3.37,inf,Obstacle is driving toward the ego car longitudinally. No lateral relative motion.
133.0,20063.0,Front,22.58,-1.07,18.07,0.0,-7.42,-0.0,-0.02,-0.09,2.44,0.0,Obstacle is driving toward the ego car longitudinally. Exact lateral alignment or unknown case.
133.0,20064.0,Front-right,126.87,-117.1,122.36,-115.49,-7.42,0.0,-0.02,-0.09,16.5,inf,Obstacle is driving toward the ego car longitudinally. No lateral relative motion.
133.0,20066.0,Front-right,126.71,-124.15,122.2,-122.54,-7.42,0.0,-0.02,-0.09,16.47,inf,Obstacle is driving toward the ego car longitudinally. No lateral relative motion.
134.0,20003.0,Front-right,127.47,-7.63,122.96,-6.02,-5.36,4.41,0.97,-0.84,22.94,1.37,Obstacle is driving toward the ego car longitudinally. Obstacle is driving toward the ego car laterally from the right.
134.0,20007.0,Front-right,111.62,-11.48,107.11,-9.87,-3.97,-0.18,-0.31,-1.2,27.0,inf,Obstacle is driving toward the ego car longitudinally. Obstacle is moving away laterally to the right.
134.0,20013.0,Front-right,100.29,-10.63,95.78,-9.02,-5.97,-0.12,-0.28,-0.95,16.04,inf,Obstacle is driving toward the ego car longitudinally. Obstacle is moving away laterally to the right.
134.0,20017.0,Front-right,92.01,-9.83,87.51,-8.22,-7.15,-0.03,-0.17,-0.55,12.25,inf,Obstacle is driving toward the ego car longitudinally. Obstacle is moving away laterally to the right.
134.0,20019.0,Front-right,84.98,-9.01,80.47,-7.4,-7.4,-0.0,-0.02,-0.11,10.88,inf,Obstacle is driving toward the ego car longitudinally. No lateral relative motion.
134.0,20021.0,Front-right,78.05,-8.17,73.54,-6.56,-7.4,-0.0,-0.02,-0.11,9.94,inf,Obstacle is driving toward the ego car longitudinally. No lateral relative motion.
134.0,20025.0,Front-right,71.13,-7.24,66.62,-5.63,-7.4,-0.0,-0.02,-0.11,9.01,inf,Obstacle is driving toward the ego car longitudinally. No lateral relative motion.
134.0,20035.0,Front-right,64.21,-6.31,59.71,-4.7,-7.4,-0.0,-0.02,-0.11,8.07,inf,Obstacle is driving toward the ego car longitudinally. No lateral relative motion.
134.0,20039.0,Front-right,57.3,-5.37,52.79,-3.76,-7.4,-0.0,-0.02,-0.11,7.14,inf,Obstacle is driving toward the ego car longitudinally. No lateral relative motion.
134.0,20045.0,Front-right,128.2,-24.74,123.7,-23.13,-7.4,0.0,-0.02,-0.11,16.72,inf,Obstacle is driving toward the ego car longitudinally. No lateral relative motion.
134.0,20047.0,Front-right,128.04,-31.72,123.53,-30.11,-7.4,0.0,-0.02,-0.11,16.7,inf,Obstacle is driving toward the ego car longitudinally. No lateral relative motion.
134.0,20049.0,Front-right,127.72,-44.56,123.21,-42.95,-7.4,0.0,-0.02,-0.11,16.66,inf,Obstacle is driving toward the ego car longitudinally. No lateral relative motion.
134.0,20050.0,Front-right,127.5,-53.49,123.0,-51.88,-7.4,0.0,-0.02,-0.11,16.63,inf,Obstacle is driving toward the ego car longitudinally. No lateral relative motion.
134.0,20051.0,Front-right,127.33,-60.47,122.83,-58.86,-7.4,0.0,-0.02,-0.11,16.61,inf,Obstacle is driving toward the ego car longitudinally. No lateral relative motion.
134.0,20052.0,Front-right,127.16,-67.46,122.66,-65.85,-7.4,0.0,-0.02,-0.11,16.58,inf,Obstacle is driving toward the ego car longitudinally. No lateral relative motion.
134.0,20053.0,Front-right,126.99,-74.45,122.49,-72.84,-7.4,0.0,-0.02,-0.11,16.56,inf,Obstacle is driving toward the ego car longitudinally. No lateral relative motion.
134.0,20054.0,Front-right,44.58,-3.65,40.07,-2.04,-7.4,-0.0,-0.02,-0.11,5.42,inf,Obstacle is driving toward the ego car longitudinally. No lateral relative motion.
134.0,20055.0,Front-right,126.68,-87.3,122.17,-85.69,-7.4,0.0,-0.02,-0.11,16.52,inf,Obstacle is driving toward the ego car longitudinally. No lateral relative motion.
134.0,20056.0,Front-right,126.46,-96.26,121.96,-94.65,-7.4,0.0,-0.02,-0.11,16.49,inf,Obstacle is driving toward the ego car longitudinally. No lateral relative motion.
134.0,20057.0,Front-left,125.57,3.69,121.07,2.08,-7.4,-0.0,-0.02,-0.11,16.37,inf,Obstacle is driving toward the ego car longitudinally. No lateral relative motion.
134.0,20058.0,Front-right,126.29,-103.26,121.78,-101.65,-7.4,0.0,-0.02,-0.11,16.46,inf,Obstacle is driving toward the ego car longitudinally. No lateral relative motion.
134.0,20059.0,Front-right,35.72,-2.54,31.21,-0.93,-7.4,-0.0,-0.02,-0.11,4.22,inf,Obstacle is driving toward the ego car longitudinally. No lateral relative motion.
134.0,20060.0,Front-left,125.88,10.67,121.38,9.06,-7.4,-0.0,-0.02,-0.11,16.41,inf,Obstacle is driving toward the ego car longitudinally. No lateral relative motion.
134.0,20061.0,Front-right,126.12,-110.27,121.61,-108.66,-7.4,0.0,-0.02,-0.11,16.44,inf,Obstacle is driving toward the ego car longitudinally. No lateral relative motion.
134.0,20062.0,Front-right,28.78,-1.77,24.28,-0.16,-7.4,-0.0,-0.02,-0.11,3.28,inf,Obstacle is driving toward the ego car longitudinally. No lateral relative motion.
134.0,20063.0,Front,21.84,-1.1,17.33,0.0,-7.4,-0.0,-0.02,-0.11,2.34,0.0,Obstacle is driving toward the ego car longitudinally. Exact lateral alignment or unknown case.
134.0,20064.0,Front-right,125.95,-117.29,121.44,-115.68,-7.4,0.0,-0.02,-0.11,16.42,inf,Obstacle is driving toward the ego car longitudinally. No lateral relative motion.
134.0,20066.0,Front-right,125.78,-124.33,121.27,-122.72,-7.4,0.0,-0.02,-0.11,16.4,inf,Obstacle is driving toward the ego car longitudinally. No lateral relative motion.
135.0,20003.0,Front-right,126.99,-7.06,122.48,-5.45,-5.28,4.52,0.95,-0.95,23.2,1.2,Obstacle is driving toward the ego car longitudinally. Obstacle is driving toward the ego car laterally from the right.
135.0,20007.0,Front-right,111.23,-11.5,106.72,-9.89,-3.83,-0.19,-0.33,-1.31,27.9,inf,Obstacle is driving toward the ego car longitudinally. Obstacle is moving away laterally to the right.
135.0,20013.0,Front-right,99.7,-10.65,95.19,-9.04,-5.86,-0.13,-0.3,-1.06,16.26,inf,Obstacle is driving toward the ego car longitudinally. Obstacle is moving away laterally to the right.
135.0,20017.0,Front-right,91.3,-9.84,86.79,-8.23,-7.07,-0.03,-0.19,-0.66,12.27,inf,Obstacle is driving toward the ego car longitudinally. Obstacle is moving away laterally to the right.
135.0,20019.0,Front-right,84.24,-9.02,79.73,-7.41,-7.37,-0.0,-0.05,-0.22,10.82,inf,Obstacle is driving toward the ego car longitudinally. No lateral relative motion.
135.0,20021.0,Front-right,77.31,-8.18,72.8,-6.57,-7.37,-0.0,-0.05,-0.22,9.88,inf,Obstacle is driving toward the ego car longitudinally. No lateral relative motion.
135.0,20025.0,Front-right,70.39,-7.24,65.88,-5.63,-7.37,-0.0,-0.05,-0.22,8.94,inf,Obstacle is driving toward the ego car longitudinally. No lateral relative motion.
135.0,20035.0,Front-right,63.47,-6.31,58.96,-4.7,-7.37,-0.0,-0.05,-0.22,8.0,inf,Obstacle is driving toward the ego car longitudinally. No lateral relative motion.
135.0,20039.0,Front-right,56.56,-5.37,52.05,-3.76,-7.37,-0.0,-0.05,-0.22,7.06,inf,Obstacle is driving toward the ego car longitudinally. No lateral relative motion.
135.0,20045.0,Front-right,127.46,-24.75,122.96,-23.14,-7.37,0.0,-0.05,-0.22,16.69,inf,Obstacle is driving toward the ego car longitudinally. No lateral relative motion.
135.0,20047.0,Front-right,127.29,-31.73,122.79,-30.12,-7.37,0.0,-0.05,-0.22,16.66,inf,Obstacle is driving toward the ego car longitudinally. No lateral relative motion.
135.0,20049.0,Front-right,126.98,-44.56,122.47,-42.95,-7.37,0.0,-0.05,-0.22,16.62,inf,Obstacle is driving toward the ego car longitudinally. No lateral relative motion.
135.0,20050.0,Front-right,126.76,-53.49,122.25,-51.88,-7.37,0.0,-0.05,-0.22,16.59,inf,Obstacle is driving toward the ego car longitudinally. No lateral relative motion.
135.0,20051.0,Front-right,126.59,-60.48,122.08,-58.87,-7.37,0.0,-0.05,-0.22,16.57,inf,Obstacle is driving toward the ego car longitudinally. No lateral relative motion.
135.0,20052.0,Front-right,126.42,-67.47,121.91,-65.86,-7.37,0.0,-0.05,-0.22,16.55,inf,Obstacle is driving toward the ego car longitudinally. No lateral relative motion.
135.0,20053.0,Front-right,126.25,-74.46,121.74,-72.85,-7.37,0.0,-0.05,-0.22,16.52,inf,Obstacle is driving toward the ego car longitudinally. No lateral relative motion.
135.0,20054.0,Front-right,43.84,-3.66,39.33,-2.05,-7.37,-0.0,-0.05,-0.22,5.34,inf,Obstacle is driving toward the ego car longitudinally. No lateral relative motion.
135.0,20055.0,Front-right,125.94,-87.31,121.43,-85.7,-7.37,0.0,-0.05,-0.22,16.48,inf,Obstacle is driving toward the ego car longitudinally. No lateral relative motion.
135.0,20056.0,Front-right,125.72,-96.26,121.21,-94.65,-7.37,0.0,-0.05,-0.22,16.45,inf,Obstacle is driving toward the ego car longitudinally. No lateral relative motion.
135.0,20057.0,Front-left,124.83,3.69,120.33,2.08,-7.37,-0.0,-0.05,-0.22,16.33,inf,Obstacle is driving toward the ego car longitudinally. No lateral relative motion.
135.0,20058.0,Front-right,125.55,-103.27,121.04,-101.66,-7.37,0.0,-0.05,-0.22,16.43,inf,Obstacle is driving toward the ego car longitudinally. No lateral relative motion.
135.0,20059.0,Front-right,34.98,-2.54,30.47,-0.93,-7.37,-0.0,-0.05,-0.22,4.14,inf,Obstacle is driving toward the ego car longitudinally. No lateral relative motion.
135.0,20060.0,Front-left,125.14,10.66,120.64,9.05,-7.37,-0.0,-0.05,-0.22,16.37,inf,Obstacle is driving toward the ego car longitudinally. No lateral relative motion.
135.0,20061.0,Front-right,125.38,-110.28,120.87,-108.67,-7.37,0.0,-0.05,-0.22,16.4,inf,Obstacle is driving toward the ego car longitudinally. No lateral relative motion.
135.0,20062.0,Front-right,28.04,-1.77,23.54,-0.16,-7.37,-0.0,-0.05,-0.22,3.19,inf,Obstacle is driving toward the ego car longitudinally. No lateral relative motion.
135.0,20063.0,Front,21.1,-1.11,16.59,0.0,-7.37,-0.0,-0.05,-0.22,2.25,0.0,Obstacle is driving toward the ego car longitudinally. Exact lateral alignment or unknown case.
135.0,20064.0,Front-right,125.21,-117.3,120.7,-115.69,-7.37,0.0,-0.05,-0.22,16.38,inf,Obstacle is driving toward the ego car longitudinally. No lateral relative motion.
135.0,20066.0,Front-right,125.03,-124.34,120.53,-122.73,-7.37,0.0,-0.05,-0.22,16.36,inf,Obstacle is driving toward the ego car longitudinally. No lateral relative motion.
136.0,20003.0,Front-right,126.55,-5.91,122.04,-4.3,-5.19,4.64,0.91,-1.07,23.52,0.93,Obstacle is driving toward the ego car longitudinally. Obstacle is driving toward the ego car laterally from the right.
136.0,20007.0,Front-right,110.9,-11.04,106.39,-9.43,-3.65,-0.18,-0.36,-1.44,29.12,inf,Obstacle is driving toward the ego car longitudinally. Obstacle is moving away laterally to the right.
136.0,20013.0,Front-right,99.16,-10.23,94.65,-8.62,-5.71,-0.13,-0.33,-1.19,16.58,inf,Obstacle is driving toward the ego car longitudinally. Obstacle is moving away laterally to the right.
136.0,20017.0,Front-right,90.64,-9.44,86.13,-7.83,-6.97,-0.04,-0.22,-0.79,12.36,inf,Obstacle is driving toward the ego car longitudinally. Obstacle is moving away laterally to the right.
136.0,20019.0,Front-right,83.54,-8.65,79.03,-7.04,-7.31,-0.0,-0.07,-0.35,10.81,inf,Obstacle is driving toward the ego car longitudinally. No lateral relative motion.
136.0,20021.0,Front-right,76.6,-7.84,72.1,-6.23,-7.31,-0.0,-0.07,-0.35,9.86,inf,Obstacle is driving toward the ego car longitudinally. No lateral relative motion.
136.0,20025.0,Front-right,69.68,-6.93,65.17,-5.32,-7.31,-0.0,-0.07,-0.35,8.92,inf,Obstacle is driving toward the ego car longitudinally. No lateral relative motion.
136.0,20035.0,Front-right,62.76,-6.03,58.25,-4.42,-7.31,-0.0,-0.07,-0.35,7.97,inf,Obstacle is driving toward the ego car longitudinally. No lateral relative motion.
136.0,20039.0,Front-right,55.84,-5.13,51.34,-3.52,-7.31,-0.0,-0.07,-0.35,7.02,inf,Obstacle is driving toward the ego car longitudinally. No lateral relative motion.
136.0,20045.0,Front-right,126.83,-24.19,122.32,-22.58,-7.31,0.0,-0.07,-0.35,16.73,inf,Obstacle is driving toward the ego car longitudinally. No lateral relative motion.
136.0,20047.0,Front-right,126.69,-31.17,122.18,-29.56,-7.31,0.0,-0.07,-0.35,16.72,inf,Obstacle is driving toward the ego car longitudinally. No lateral relative motion.
136.0,20049.0,Front-right,126.44,-44.01,121.93,-42.4,-7.31,0.0,-0.07,-0.35,16.68,inf,Obstacle is driving toward the ego car longitudinally. No lateral relative motion.
136.0,20050.0,Front-right,126.26,-52.94,121.75,-51.33,-7.31,0.0,-0.07,-0.35,16.66,inf,Obstacle is driving toward the ego car longitudinally. No lateral relative motion.
136.0,20051.0,Front-right,126.12,-59.92,121.61,-58.31,-7.31,0.0,-0.07,-0.35,16.64,inf,Obstacle is driving toward the ego car longitudinally. No lateral relative motion.
136.0,20052.0,Front-right,125.98,-66.91,121.47,-65.3,-7.31,0.0,-0.07,-0.35,16.62,inf,Obstacle is driving toward the ego car longitudinally. No lateral relative motion.
136.0,20053.0,Front-right,125.84,-73.9,121.33,-72.29,-7.31,0.0,-0.07,-0.35,16.6,inf,Obstacle is driving toward the ego car longitudinally. No lateral relative motion.
136.0,20054.0,Front-right,43.11,-3.46,38.61,-1.85,-7.31,-0.0,-0.07,-0.35,5.28,inf,Obstacle is driving toward the ego car longitudinally. No lateral relative motion.
136.0,20055.0,Front-right,125.58,-86.76,121.07,-85.15,-7.31,0.0,-0.07,-0.35,16.56,inf,Obstacle is driving toward the ego car longitudinally. No lateral relative motion.
136.0,20056.0,Front-right,125.4,-95.71,120.89,-94.1,-7.31,0.0,-0.07,-0.35,16.54,inf,Obstacle is driving toward the ego car longitudinally. No lateral relative motion.
136.0,20057.0,Front-left,124.08,4.24,119.57,2.63,-7.31,-0.0,-0.07,-0.35,16.36,inf,Obstacle is driving toward the ego car longitudinally. No lateral relative motion.
136.0,20058.0,Front-right,125.26,-102.72,120.75,-101.11,-7.31,0.0,-0.07,-0.35,16.52,inf,Obstacle is driving toward the ego car longitudinally. No lateral relative motion.
136.0,20059.0,Front-right,34.25,-2.39,29.74,-0.78,-7.31,-0.0,-0.07,-0.35,4.07,inf,Obstacle is driving toward the ego car longitudinally. No lateral relative motion.
136.0,20060.0,Front-left,124.36,11.21,119.85,9.6,-7.31,-0.0,-0.07,-0.35,16.4,inf,Obstacle is driving toward the ego car longitudinally. No lateral relative motion.
136.0,20061.0,Front-right,125.12,-109.73,120.61,-108.12,-7.31,0.0,-0.07,-0.35,16.5,inf,Obstacle is driving toward the ego car longitudinally. No lateral relative motion.
136.0,20062.0,Front-right,27.31,-1.65,22.8,-0.04,-7.31,-0.0,-0.07,-0.35,3.12,inf,Obstacle is driving toward the ego car longitudinally. No lateral relative motion.
136.0,20063.0,Front,20.36,-1.01,15.86,0.0,-7.31,-0.0,-0.07,-0.35,2.17,0.0,Obstacle is driving toward the ego car longitudinally. Exact lateral alignment or unknown case.
136.0,20064.0,Front-right,124.98,-116.75,120.47,-115.14,-7.31,0.0,-0.07,-0.35,16.48,inf,Obstacle is driving toward the ego car longitudinally. No lateral relative motion.
136.0,20066.0,Front-right,124.84,-123.79,120.33,-122.18,-7.31,0.0,-0.07,-0.35,16.46,inf,Obstacle is driving toward the ego car longitudinally. No lateral relative motion.
137.0,20003.0,Front-right,126.03,-4.52,121.53,-2.91,-5.94,5.07,1.0,-0.99,20.46,0.57,Obstacle is driving toward the ego car longitudinally. Obstacle is driving toward the ego car laterally from the right.
137.0,20007.0,Front-right,110.6,-10.39,106.09,-8.78,-3.46,-0.16,-0.38,-1.53,30.68,inf,Obstacle is driving toward the ego car longitudinally. Obstacle is moving away laterally to the right.
137.0,20013.0,Front-right,98.65,-9.64,94.14,-8.03,-5.54,-0.13,-0.35,-1.29,17.0,inf,Obstacle is driving toward the ego car longitudinally. Obstacle is moving away laterally to the right.
137.0,20017.0,Front-right,89.99,-8.9,85.48,-7.29,-6.84,-0.04,-0.24,-0.89,12.5,inf,Obstacle is driving toward the ego car longitudinally. Obstacle is moving away laterally to the right.
137.0,20019.0,Front-right,82.85,-8.15,78.35,-6.54,-7.23,-0.0,-0.1,-0.44,10.84,inf,Obstacle is driving toward the ego car longitudinally. No lateral relative motion.
137.0,20021.0,Front-right,75.92,-7.38,71.41,-5.77,-7.23,-0.0,-0.1,-0.44,9.88,inf,Obstacle is driving toward the ego car longitudinally. No lateral relative motion.
137.0,20025.0,Front-right,68.99,-6.52,64.48,-4.91,-7.23,-0.0,-0.1,-0.44,8.92,inf,Obstacle is driving toward the ego car longitudinally. No lateral relative motion.
137.0,20035.0,Front-right,62.06,-5.65,57.55,-4.04,-7.23,-0.0,-0.1,-0.44,7.96,inf,Obstacle is driving toward the ego car longitudinally. No lateral relative motion.
137.0,20039.0,Front-right,55.14,-4.79,50.63,-3.18,-7.23,-0.0,-0.1,-0.44,7.0,inf,Obstacle is driving toward the ego car longitudinally. No lateral relative motion.
137.0,20045.0,Front-right,126.24,-23.43,121.73,-21.82,-7.23,0.0,-0.1,-0.44,16.84,inf,Obstacle is driving toward the ego car longitudinally. No lateral relative motion.
137.0,20047.0,Front-right,126.14,-30.41,121.63,-28.8,-7.23,0.0,-0.1,-0.44,16.83,inf,Obstacle is driving toward the ego car longitudinally. No lateral relative motion.
137.0,20049.0,Front-right,125.96,-43.25,121.45,-41.64,-7.23,0.0,-0.1,-0.44,16.8,inf,Obstacle is driving toward the ego car longitudinally. No lateral relative motion.
137.0,20050.0,Front-right,125.84,-52.18,121.33,-50.57,-7.23,0.0,-0.1,-0.44,16.79,inf,Obstacle is driving toward the ego car longitudinally. No lateral relative motion.
137.0,20051.0,Front-right,125.74,-59.17,121.23,-57.56,-7.23,0.0,-0.1,-0.44,16.77,inf,Obstacle is driving toward the ego car longitudinally. No lateral relative motion.
137.0,20052.0,Front-right,125.64,-66.15,121.13,-64.54,-7.23,0.0,-0.1,-0.44,16.76,inf,Obstacle is driving toward the ego car longitudinally. No lateral relative motion.
137.0,20053.0,Front-right,125.54,-73.15,121.04,-71.54,-7.23,0.0,-0.1,-0.44,16.74,inf,Obstacle is driving toward the ego car longitudinally. No lateral relative motion.
137.0,20054.0,Front-right,42.4,-3.21,37.89,-1.6,-7.23,-0.0,-0.1,-0.44,5.24,inf,Obstacle is driving toward the ego car longitudinally. No lateral relative motion.
137.0,20055.0,Front-right,125.36,-86.0,120.86,-84.39,-7.23,0.0,-0.1,-0.44,16.72,inf,Obstacle is driving toward the ego car longitudinally. No lateral relative motion.
137.0,20056.0,Front-right,125.24,-94.96,120.73,-93.35,-7.23,0.0,-0.1,-0.44,16.7,inf,Obstacle is driving toward the ego car longitudinally. No lateral relative motion.
137.0,20057.0,Front-left,123.32,4.98,118.81,3.37,-7.23,-0.0,-0.1,-0.44,16.44,inf,Obstacle is driving toward the ego car longitudinally. No lateral relative motion.
137.0,20058.0,Front-right,125.14,-101.96,120.63,-100.35,-7.23,0.0,-0.1,-0.44,16.69,inf,Obstacle is driving toward the ego car longitudinally. No lateral relative motion.
137.0,20059.0,Front-right,33.53,-2.18,29.02,-0.57,-7.23,-0.0,-0.1,-0.44,4.02,inf,Obstacle is driving toward the ego car longitudinally. No lateral relative motion.
137.0,20060.0,Front-left,123.55,11.95,119.05,10.34,-7.23,-0.0,-0.1,-0.44,16.47,inf,Obstacle is driving toward the ego car longitudinally. No lateral relative motion.
137.0,20061.0,Front-right,125.04,-108.98,120.53,-107.37,-7.23,0.0,-0.1,-0.44,16.68,inf,Obstacle is driving toward the ego car longitudinally. No lateral relative motion.
137.0,20062.0,Front,26.59,-1.49,22.08,0.0,-7.23,-0.0,-0.1,-0.44,3.05,0.0,Obstacle is driving toward the ego car longitudinally. Exact lateral alignment or unknown case.
137.0,20063.0,Front,19.64,-0.89,15.13,0.0,-7.23,-0.0,-0.1,-0.44,2.09,0.0,Obstacle is driving toward the ego car longitudinally. Exact lateral alignment or unknown case.
137.0,20064.0,Front-right,124.94,-116.0,120.44,-114.39,-7.23,0.0,-0.1,-0.44,16.66,inf,Obstacle is driving toward the ego car longitudinally. No lateral relative motion.
137.0,20066.0,Front-right,124.84,-123.04,120.34,-121.43,-7.23,0.0,-0.1,-0.44,16.65,inf,Obstacle is driving toward the ego car longitudinally. No lateral relative motion.
138.0,20003.0,Front-right,125.49,-3.09,120.99,-1.48,-5.89,5.19,1.02,-0.86,20.55,0.28,Obstacle is driving toward the ego car longitudinally. Obstacle is driving toward the ego car laterally from the right.
138.0,20007.0,Front-right,110.32,-9.71,105.81,-8.1,-3.29,-0.14,-0.36,-1.4,32.16,inf,Obstacle is driving toward the ego car longitudinally. Obstacle is moving away laterally to the right.
138.0,20013.0,Front-right,98.15,-9.04,93.65,-7.43,-5.4,-0.13,-0.32,-1.15,17.36,inf,Obstacle is driving toward the ego car longitudinally. Obstacle is moving away laterally to the right.
138.0,20017.0,Front-right,89.36,-8.35,84.85,-6.74,-6.74,-0.04,-0.22,-0.75,12.6,inf,Obstacle is driving toward the ego car longitudinally. Obstacle is moving away laterally to the right.
138.0,20019.0,Front-right,82.18,-7.63,77.67,-6.02,-7.17,-0.0,-0.07,-0.31,10.83,inf,Obstacle is driving toward the ego car longitudinally. No lateral relative motion.
138.0,20021.0,Front-right,75.23,-6.91,70.73,-5.3,-7.17,-0.0,-0.07,-0.31,9.86,inf,Obstacle is driving toward the ego car longitudinally. No lateral relative motion.
138.0,20025.0,Front-right,68.3,-6.09,63.79,-4.48,-7.17,-0.0,-0.07,-0.31,8.89,inf,Obstacle is driving toward the ego car longitudinally. No lateral relative motion.
138.0,20035.0,Front-right,61.37,-5.27,56.86,-3.66,-7.17,-0.0,-0.07,-0.31,7.93,inf,Obstacle is driving toward the ego car longitudinally. No lateral relative motion.
138.0,20039.0,Front-right,54.44,-4.45,49.93,-2.84,-7.17,-0.0,-0.07,-0.31,6.96,inf,Obstacle is driving toward the ego car longitudinally. No lateral relative motion.
138.0,20045.0,Front-right,125.66,-22.64,121.15,-21.03,-7.17,0.0,-0.07,-0.31,16.89,inf,Obstacle is driving toward the ego car longitudinally. No lateral relative motion.
138.0,20047.0,Front-right,125.6,-29.62,121.09,-28.01,-7.17,0.0,-0.07,-0.31,16.88,inf,Obstacle is driving toward the ego car longitudinally. No lateral relative motion.
138.0,20049.0,Front-right,125.5,-42.46,120.99,-40.85,-7.17,0.0,-0.07,-0.31,16.87,inf,Obstacle is driving toward the ego car longitudinally. No lateral relative motion.
138.0,20050.0,Front-right,125.43,-51.4,120.92,-49.79,-7.17,0.0,-0.07,-0.31,16.86,inf,Obstacle is driving toward the ego car longitudinally. No lateral relative motion.
138.0,20051.0,Front-right,125.38,-58.38,120.87,-56.77,-7.17,0.0,-0.07,-0.31,16.85,inf,Obstacle is driving toward the ego car longitudinally. No lateral relative motion.
138.0,20052.0,Front-right,125.32,-65.37,120.82,-63.76,-7.17,0.0,-0.07,-0.31,16.84,inf,Obstacle is driving toward the ego car longitudinally. No lateral relative motion.
138.0,20053.0,Front-right,125.27,-72.37,120.76,-70.76,-7.17,0.0,-0.07,-0.31,16.83,inf,Obstacle is driving toward the ego car longitudinally. No lateral relative motion.
138.0,20054.0,Front-right,41.69,-2.94,37.18,-1.33,-7.17,-0.0,-0.07,-0.31,5.18,inf,Obstacle is driving toward the ego car longitudinally. No lateral relative motion.
138.0,20055.0,Front-right,125.17,-85.22,120.66,-83.61,-7.17,0.0,-0.07,-0.31,16.82,inf,Obstacle is driving toward the ego car longitudinally. No lateral relative motion.
138.0,20056.0,Front-right,125.1,-94.18,120.59,-92.57,-7.17,0.0,-0.07,-0.31,16.81,inf,Obstacle is driving toward the ego car longitudinally. No lateral relative motion.
138.0,20057.0,Front-left,122.56,5.75,118.05,4.14,-7.17,-0.0,-0.07,-0.31,16.46,inf,Obstacle is driving toward the ego car longitudinally. No lateral relative motion.
138.0,20058.0,Front-right,125.04,-101.18,120.54,-99.57,-7.17,0.0,-0.07,-0.31,16.8,inf,Obstacle is driving toward the ego car longitudinally. No lateral relative motion.
138.0,20059.0,Front-right,32.82,-1.98,28.31,-0.37,-7.17,-0.0,-0.07,-0.31,3.95,inf,Obstacle is driving toward the ego car longitudinally. No lateral relative motion.
138.0,20060.0,Front-left,122.75,12.72,118.24,11.11,-7.17,-0.0,-0.07,-0.31,16.48,inf,Obstacle is driving toward the ego car longitudinally. No lateral relative motion.
138.0,20061.0,Front-right,124.99,-108.2,120.48,-106.59,-7.17,0.0,-0.07,-0.31,16.79,inf,Obstacle is driving toward the ego car longitudinally. No lateral relative motion.
138.0,20062.0,Front,25.87,-1.32,21.36,0.0,-7.17,-0.0,-0.07,-0.31,2.98,0.0,Obstacle is driving toward the ego car longitudinally. Exact lateral alignment or unknown case.
138.0,20063.0,Front,18.91,-0.77,14.41,0.0,-7.17,-0.0,-0.07,-0.31,2.01,0.0,Obstacle is driving toward the ego car longitudinally. Exact lateral alignment or unknown case.
138.0,20064.0,Front-right,124.93,-115.22,120.43,-113.61,-7.17,0.0,-0.07,-0.31,16.79,inf,Obstacle is driving toward the ego car longitudinally. No lateral relative motion.
138.0,20066.0,Front-right,124.88,-122.26,120.37,-120.65,-7.17,0.0,-0.07,-0.31,16.78,inf,Obstacle is driving toward the ego car longitudinally. No lateral relative motion.
139.0,20003.0,Front,124.95,-1.46,120.45,0.0,-5.83,5.32,1.0,-0.93,20.67,0.0,Obstacle is driving toward the ego car longitudinally. Exact lateral alignment or unknown case.
139.0,20007.0,Front-right,110.07,-8.88,105.56,-7.27,-3.1,-0.12,-0.38,-1.49,34.01,inf,Obstacle is driving toward the ego car longitudinally. Obstacle is moving away laterally to the right.
139.0,20013.0,Front-right,97.68,-8.3,93.18,-6.69,-5.23,-0.12,-0.36,-1.29,17.82,inf,Obstacle is driving toward the ego car longitudinally. Obstacle is moving away laterally to the right.
139.0,20017.0,Front-right,88.75,-7.66,84.24,-6.05,-6.61,-0.05,-0.28,-0.95,12.75,inf,Obstacle is driving toward the ego car longitudinally. Obstacle is moving away laterally to the right.
139.0,20019.0,Front-right,81.51,-7.0,77.0,-5.39,-7.1,-0.0,-0.1,-0.41,10.85,inf,Obstacle is driving toward the ego car longitudinally. Obstacle is moving away laterally to the right.
139.0,20021.0,Front-right,74.56,-6.33,70.06,-4.72,-7.1,-0.0,-0.09,-0.39,9.86,inf,Obstacle is driving toward the ego car longitudinally. No lateral relative motion.
139.0,20025.0,Front-right,67.63,-5.56,63.12,-3.95,-7.1,-0.0,-0.09,-0.39,8.89,inf,Obstacle is driving toward the ego car longitudinally. No lateral relative motion.
139.0,20035.0,Front-right,60.69,-4.8,56.18,-3.19,-7.1,-0.0,-0.09,-0.39,7.91,inf,Obstacle is driving toward the ego car longitudinally. No lateral relative motion.
139.0,20039.0,Front-right,53.75,-4.03,49.25,-2.42,-7.1,-0.0,-0.09,-0.39,6.93,inf,Obstacle is driving toward the ego car longitudinally. No lateral relative motion.
139.0,20045.0,Front-right,125.11,-21.68,120.6,-20.07,-7.1,0.0,-0.09,-0.39,16.98,inf,Obstacle is driving toward the ego car longitudinally. No lateral relative motion.
139.0,20047.0,Front-right,125.11,-28.66,120.6,-27.05,-7.1,0.0,-0.09,-0.39,16.98,inf,Obstacle is driving toward the ego car longitudinally. No lateral relative motion.
139.0,20049.0,Front-right,125.1,-41.5,120.6,-39.89,-7.1,0.0,-0.09,-0.39,16.98,inf,Obstacle is driving toward the ego car longitudinally. No lateral relative motion.
139.0,20050.0,Front-right,125.1,-50.43,120.6,-48.82,-7.1,0.0,-0.09,-0.39,16.98,inf,Obstacle is driving toward the ego car longitudinally. No lateral relative motion.
139.0,20051.0,Front-right,125.1,-57.42,120.59,-55.81,-7.1,0.0,-0.09,-0.39,16.98,inf,Obstacle is driving toward the ego car longitudinally. No lateral relative motion.
139.0,20052.0,Front-right,125.1,-64.41,120.59,-62.8,-7.1,0.0,-0.09,-0.39,16.98,inf,Obstacle is driving toward the ego car longitudinally. No lateral relative motion.
139.0,20053.0,Front-right,125.1,-71.4,120.59,-69.79,-7.1,0.0,-0.09,-0.39,16.98,inf,Obstacle is driving toward the ego car longitudinally. No lateral relative motion.
139.0,20054.0,Front-right,40.99,-2.62,36.49,-1.01,-7.1,-0.0,-0.09,-0.39,5.14,inf,Obstacle is driving toward the ego car longitudinally. No lateral relative motion.
139.0,20055.0,Front-right,125.1,-84.26,120.59,-82.65,-7.1,0.0,-0.09,-0.39,16.98,inf,Obstacle is driving toward the ego car longitudinally. No lateral relative motion.
139.0,20056.0,Front-right,125.1,-93.21,120.59,-91.6,-7.1,0.0,-0.09,-0.39,16.98,inf,Obstacle is driving toward the ego car longitudinally. No lateral relative motion.
139.0,20057.0,Front-left,121.79,6.69,117.28,5.08,-7.1,-0.0,-0.09,-0.39,16.51,inf,Obstacle is driving toward the ego car longitudinally. No lateral relative motion.
139.0,20058.0,Front-right,125.1,-100.22,120.59,-98.61,-7.1,0.0,-0.09,-0.39,16.98,inf,Obstacle is driving toward the ego car longitudinally. No lateral relative motion.
139.0,20059.0,Front-right,32.11,-1.72,27.6,-0.11,-7.1,-0.0,-0.09,-0.39,3.89,inf,Obstacle is driving toward the ego car longitudinally. No lateral relative motion.
139.0,20060.0,Front-left,121.93,13.66,117.42,12.05,-7.1,-0.0,-0.09,-0.39,16.53,inf,Obstacle is driving toward the ego car longitudinally. No lateral relative motion.
139.0,20061.0,Front-right,125.1,-107.23,120.59,-105.62,-7.1,0.0,-0.09,-0.39,16.98,inf,Obstacle is driving toward the ego car longitudinally. No lateral relative motion.
139.0,20062.0,Front,25.16,-1.12,20.65,0.0,-7.1,-0.0,-0.09,-0.39,2.91,0.0,Obstacle is driving toward the ego car longitudinally. Exact lateral alignment or unknown case.
139.0,20063.0,Front,18.2,-0.62,13.69,0.0,-7.1,-0.0,-0.09,-0.39,1.93,0.0,Obstacle is driving toward the ego car longitudinally. Exact lateral alignment or unknown case.
139.0,20064.0,Front-right,125.1,-114.25,120.59,-112.64,-7.1,0.0,-0.09,-0.39,16.98,inf,Obstacle is driving toward the ego car longitudinally. No lateral relative motion.
139.0,20066.0,Front-right,125.1,-121.3,120.59,-119.69,-7.1,0.0,-0.09,-0.39,16.98,inf,Obstacle is driving toward the ego car longitudinally. No lateral relative motion.
140.0,20003.0,Front,124.33,0.24,119.82,0.0,-6.57,5.58,1.05,-0.83,18.23,0.0,Obstacle is driving toward the ego car longitudinally. Exact lateral alignment or unknown case.
140.0,20007.0,Front-right,109.83,-8.0,105.32,-6.39,-2.9,-0.09,-0.4,-1.56,36.29,inf,Obstacle is driving toward the ego car longitudinally. Obstacle is moving away laterally to the right.
140.0,20013.0,Front-right,97.23,-7.52,92.72,-5.91,-5.05,-0.11,-0.38,-1.36,18.37,inf,Obstacle is driving toward the ego car longitudinally. Obstacle is moving away laterally to the right.
140.0,20017.0,Front-right,88.15,-6.95,83.64,-5.34,-6.46,-0.05,-0.3,-1.02,12.95,inf,Obstacle is driving toward the ego car longitudinally. Obstacle is moving away laterally to the right.
140.0,20019.0,Front-right,80.85,-6.34,76.34,-4.73,-7.01,-0.0,-0.12,-0.48,10.89,inf,Obstacle is driving toward the ego car longitudinally. Obstacle is moving away laterally to the right.
140.0,20021.0,Front-right,73.9,-5.73,69.39,-4.12,-7.02,-0.0,-0.11,-0.46,9.89,inf,Obstacle is driving toward the ego car longitudinally. No lateral relative motion.
140.0,20025.0,Front-right,66.95,-5.02,62.45,-3.41,-7.02,-0.0,-0.11,-0.46,8.9,inf,Obstacle is driving toward the ego car longitudinally. No lateral relative motion.
140.0,20035.0,Front-right,60.01,-4.31,55.5,-2.7,-7.02,-0.0,-0.11,-0.46,7.91,inf,Obstacle is driving toward the ego car longitudinally. No lateral relative motion.
140.0,20039.0,Front-right,53.07,-3.6,48.56,-1.99,-7.02,-0.0,-0.11,-0.46,6.92,inf,Obstacle is driving toward the ego car longitudinally. No lateral relative motion.
140.0,20045.0,Front-right,124.56,-20.66,120.06,-19.05,-7.02,0.0,-0.11,-0.46,17.11,inf,Obstacle is driving toward the ego car longitudinally. No lateral relative motion.
140.0,20047.0,Front-right,124.62,-27.65,120.11,-26.04,-7.02,0.0,-0.11,-0.46,17.12,inf,Obstacle is driving toward the ego car longitudinally. No lateral relative motion.
140.0,20049.0,Front-right,124.72,-40.49,120.21,-38.88,-7.02,0.0,-0.11,-0.46,17.14,inf,Obstacle is driving toward the ego car longitudinally. No lateral relative motion.
140.0,20050.0,Front-right,124.79,-49.42,120.28,-47.81,-7.02,0.0,-0.11,-0.46,17.15,inf,Obstacle is driving toward the ego car longitudinally. No lateral relative motion.
140.0,20051.0,Front-right,124.85,-56.41,120.34,-54.8,-7.02,0.0,-0.11,-0.46,17.15,inf,Obstacle is driving toward the ego car longitudinally. No lateral relative motion.
140.0,20052.0,Front-right,124.9,-63.4,120.4,-61.79,-7.02,0.0,-0.11,-0.46,17.16,inf,Obstacle is driving toward the ego car longitudinally. No lateral relative motion.
140.0,20053.0,Front-right,124.96,-70.39,120.45,-68.78,-7.02,0.0,-0.11,-0.46,17.17,inf,Obstacle is driving toward the ego car longitudinally. No lateral relative motion.
140.0,20054.0,Front-right,40.3,-2.29,35.79,-0.68,-7.02,-0.0,-0.11,-0.46,5.1,inf,Obstacle is driving toward the ego car longitudinally. No lateral relative motion.
140.0,20055.0,Front-right,125.06,-83.24,120.55,-81.63,-7.02,0.0,-0.11,-0.46,17.18,inf,Obstacle is driving toward the ego car longitudinally. No lateral relative motion.
140.0,20056.0,Front-right,125.13,-92.2,120.63,-90.59,-7.02,0.0,-0.11,-0.46,17.19,inf,Obstacle is driving toward the ego car longitudinally. No lateral relative motion.
140.0,20057.0,Front-left,121.02,7.67,116.51,6.06,-7.02,-0.0,-0.11,-0.46,16.61,inf,Obstacle is driving toward the ego car longitudinally. No lateral relative motion.
140.0,20058.0,Front-right,125.19,-99.21,120.68,-97.6,-7.02,0.0,-0.11,-0.46,17.2,inf,Obstacle is driving toward the ego car longitudinally. No lateral relative motion.
140.0,20059.0,Front,31.41,-1.46,26.9,0.0,-7.02,-0.0,-0.11,-0.46,3.83,0.0,Obstacle is driving toward the ego car longitudinally. Exact lateral alignment or unknown case.
140.0,20060.0,Front-left,121.1,14.65,116.59,13.04,-7.02,-0.0,-0.11,-0.46,16.62,inf,Obstacle is driving toward the ego car longitudinally. No lateral relative motion.
140.0,20061.0,Front-right,125.24,-106.22,120.74,-104.61,-7.02,0.0,-0.11,-0.46,17.21,inf,Obstacle is driving toward the ego car longitudinally. No lateral relative motion.
140.0,20062.0,Front,24.45,-0.92,19.94,0.0,-7.02,-0.0,-0.11,-0.46,2.84,0.0,Obstacle is driving toward the ego car longitudinally. Exact lateral alignment or unknown case.
140.0,20063.0,Front,17.49,-0.48,12.98,0.0,-7.02,-0.0,-0.11,-0.46,1.85,0.0,Obstacle is driving toward the ego car longitudinally. Exact lateral alignment or unknown case.
140.0,20064.0,Front-right,125.3,-113.24,120.79,-111.63,-7.02,0.0,-0.11,-0.46,17.22,inf,Obstacle is driving toward the ego car longitudinally. No lateral relative motion.
140.0,20066.0,Front-right,125.36,-120.28,120.85,-118.67,-7.02,0.0,-0.11,-0.46,17.23,inf,Obstacle is driving toward the ego car longitudinally. No lateral relative motion.
141.0,20003.0,Front,123.67,1.38,119.17,0.0,-6.49,5.7,0.99,-1.01,18.36,0.0,Obstacle is driving toward the ego car longitudinally. Exact lateral alignment or unknown case.
141.0,20007.0,Front-right,109.56,-7.62,105.06,-6.01,-2.7,-0.07,-0.45,-1.74,38.96,inf,Obstacle is driving toward the ego car longitudinally. Obstacle is moving away laterally to the right.
141.0,20013.0,Front-right,96.75,-7.2,92.24,-5.59,-4.86,-0.11,-0.43,-1.54,18.97,inf,Obstacle is driving toward the ego car longitudinally. Obstacle is moving away laterally to the right.
141.0,20017.0,Front-right,87.52,-6.65,83.01,-5.04,-6.31,-0.05,-0.34,-1.21,13.16,inf,Obstacle is driving toward the ego car longitudinally. Obstacle is moving away laterally to the right.
141.0,20019.0,Front-right,80.17,-6.06,75.66,-4.45,-6.92,-0.0,-0.16,-0.66,10.94,inf,Obstacle is driving toward the ego car longitudinally. Obstacle is moving away laterally to the right.
141.0,20021.0,Front-right,73.21,-5.47,68.7,-3.86,-6.92,-0.0,-0.16,-0.64,9.92,inf,Obstacle is driving toward the ego car longitudinally. No lateral relative motion.
141.0,20025.0,Front-right,66.27,-4.79,61.76,-3.18,-6.92,-0.0,-0.16,-0.64,8.92,inf,Obstacle is driving toward the ego car longitudinally. No lateral relative motion.
141.0,20035.0,Front-right,59.32,-4.1,54.81,-2.49,-6.92,-0.0,-0.16,-0.64,7.91,inf,Obstacle is driving toward the ego car longitudinally. No lateral relative motion.
141.0,20039.0,Front-right,52.38,-3.41,47.87,-1.8,-6.92,-0.0,-0.16,-0.64,6.91,inf,Obstacle is driving toward the ego car longitudinally. No lateral relative motion.
141.0,20045.0,Front-right,123.93,-20.24,119.42,-18.63,-6.92,0.0,-0.16,-0.64,17.25,inf,Obstacle is driving toward the ego car longitudinally. No lateral relative motion.
141.0,20047.0,Front-right,124.01,-27.22,119.5,-25.61,-6.92,0.0,-0.16,-0.64,17.26,inf,Obstacle is driving toward the ego car longitudinally. No lateral relative motion.
141.0,20049.0,Front-right,124.15,-40.06,119.65,-38.45,-6.92,0.0,-0.16,-0.64,17.28,inf,Obstacle is driving toward the ego car longitudinally. No lateral relative motion.
141.0,20050.0,Front-right,124.26,-48.99,119.75,-47.38,-6.92,0.0,-0.16,-0.64,17.29,inf,Obstacle is driving toward the ego car longitudinally. No lateral relative motion.
141.0,20051.0,Front-right,124.34,-55.98,119.83,-54.37,-6.92,0.0,-0.16,-0.64,17.3,inf,Obstacle is driving toward the ego car longitudinally. No lateral relative motion.
141.0,20052.0,Front-right,124.42,-62.96,119.91,-61.35,-6.92,0.0,-0.16,-0.64,17.32,inf,Obstacle is driving toward the ego car longitudinally. No lateral relative motion.
141.0,20053.0,Front-right,124.5,-69.96,119.99,-68.35,-6.92,0.0,-0.16,-0.64,17.33,inf,Obstacle is driving toward the ego car longitudinally. No lateral relative motion.
141.0,20054.0,Front-right,39.6,-2.15,35.09,-0.54,-6.92,-0.0,-0.16,-0.64,5.07,inf,Obstacle is driving toward the ego car longitudinally. No lateral relative motion.
141.0,20055.0,Front-right,124.64,-82.81,120.13,-81.2,-6.92,0.0,-0.16,-0.64,17.35,inf,Obstacle is driving toward the ego car longitudinally. No lateral relative motion.
141.0,20056.0,Front-right,124.74,-91.77,120.24,-90.16,-6.92,0.0,-0.16,-0.64,17.36,inf,Obstacle is driving toward the ego car longitudinally. No lateral relative motion.
141.0,20057.0,Front-left,120.28,8.09,115.78,6.48,-6.92,-0.0,-0.16,-0.64,16.72,inf,Obstacle is driving toward the ego car longitudinally. No lateral relative motion.
141.0,20058.0,Front-right,124.82,-98.77,120.32,-97.16,-6.92,0.0,-0.16,-0.64,17.37,inf,Obstacle is driving toward the ego car longitudinally. No lateral relative motion.
141.0,20059.0,Front,30.71,-1.36,26.2,0.0,-6.92,-0.0,-0.16,-0.64,3.78,0.0,Obstacle is driving toward the ego car longitudinally. Exact lateral alignment or unknown case.
141.0,20060.0,Front-left,120.34,15.07,115.83,13.46,-6.92,-0.0,-0.16,-0.64,16.73,inf,Obstacle is driving toward the ego car longitudinally. No lateral relative motion.
141.0,20061.0,Front-right,124.9,-105.79,120.4,-104.18,-6.92,0.0,-0.16,-0.64,17.39,inf,Obstacle is driving toward the ego car longitudinally. No lateral relative motion.
141.0,20062.0,Front,23.75,-0.83,19.24,0.0,-6.92,-0.0,-0.16,-0.64,2.78,0.0,Obstacle is driving toward the ego car longitudinally. Exact lateral alignment or unknown case.
141.0,20063.0,Front,16.78,-0.42,12.28,0.0,-6.92,-0.0,-0.16,-0.64,1.77,0.0,Obstacle is driving toward the ego car longitudinally. Exact lateral alignment or unknown case.
141.0,20064.0,Front-right,124.98,-112.81,120.48,-111.2,-6.92,0.0,-0.16,-0.64,17.4,inf,Obstacle is driving toward the ego car longitudinally. No lateral relative motion.
141.0,20066.0,Front-right,125.06,-119.85,120.56,-118.24,-6.92,0.0,-0.16,-0.64,17.41,inf,Obstacle is driving toward the ego car longitudinally. No lateral relative motion.
142.0,20003.0,Front-left,123.03,2.42,118.52,0.81,-6.33,5.82,0.91,-1.34,18.72,inf,Obstacle is driving toward the ego car longitudinally. Obstacle is moving away laterally to the left.
142.0,20007.0,Front-right,109.31,-7.34,104.81,-5.73,-2.42,-0.06,-0.53,-2.07,43.38,inf,Obstacle is driving toward the ego car longitudinally. Obstacle is moving away laterally to the right.
142.0,20013.0,Front-right,96.28,-6.95,91.77,-5.34,-4.6,-0.1,-0.51,-1.86,19.94,inf,Obstacle is driving toward the ego car longitudinally. Obstacle is moving away laterally to the right.
142.0,20017.0,Front-right,86.91,-6.43,82.4,-4.82,-6.08,-0.05,-0.43,-1.53,13.55,inf,Obstacle is driving toward the ego car longitudinally. Obstacle is moving away laterally to the right.
142.0,20019.0,Front-right,79.49,-5.85,74.98,-4.24,-6.75,-0.0,-0.25,-0.98,11.11,inf,Obstacle is driving toward the ego car longitudinally. Obstacle is moving away laterally to the right.
142.0,20021.0,Front-right,72.53,-5.28,68.02,-3.67,-6.76,-0.0,-0.24,-0.96,10.06,inf,Obstacle is driving toward the ego car longitudinally. No lateral relative motion.
142.0,20025.0,Front-right,65.58,-4.61,61.07,-3.0,-6.76,-0.0,-0.24,-0.96,9.04,inf,Obstacle is driving toward the ego car longitudinally. No lateral relative motion.
142.0,20035.0,Front-right,58.63,-3.94,54.12,-2.33,-6.76,-0.0,-0.24,-0.96,8.01,inf,Obstacle is driving toward the ego car longitudinally. No lateral relative motion.
142.0,20039.0,Front-right,51.69,-3.28,47.18,-1.67,-6.76,-0.0,-0.24,-0.96,6.98,inf,Obstacle is driving toward the ego car longitudinally. No lateral relative motion.
142.0,20045.0,Front-right,123.28,-19.91,118.77,-18.3,-6.76,0.0,-0.24,-0.96,17.57,inf,Obstacle is driving toward the ego car longitudinally. No lateral relative motion.
142.0,20047.0,Front-right,123.38,-26.89,118.87,-25.28,-6.76,0.0,-0.24,-0.96,17.59,inf,Obstacle is driving toward the ego car longitudinally. No lateral relative motion.
142.0,20049.0,Front-right,123.56,-39.73,119.05,-38.12,-6.76,0.0,-0.24,-0.96,17.61,inf,Obstacle is driving toward the ego car longitudinally. No lateral relative motion.
142.0,20050.0,Front-right,123.69,-48.67,119.18,-47.06,-6.76,0.0,-0.24,-0.96,17.63,inf,Obstacle is driving toward the ego car longitudinally. No lateral relative motion.
142.0,20051.0,Front-right,123.78,-55.65,119.28,-54.04,-6.76,0.0,-0.24,-0.96,17.65,inf,Obstacle is driving toward the ego car longitudinally. No lateral relative motion.
142.0,20052.0,Front-right,123.88,-62.64,119.37,-61.03,-6.76,0.0,-0.24,-0.96,17.66,inf,Obstacle is driving toward the ego car longitudinally. No lateral relative motion.
142.0,20053.0,Front-right,123.98,-69.63,119.47,-68.02,-6.76,0.0,-0.24,-0.96,17.68,inf,Obstacle is driving toward the ego car longitudinally. No lateral relative motion.
142.0,20054.0,Front-right,38.91,-2.05,34.4,-0.44,-6.76,-0.0,-0.24,-0.96,5.09,inf,Obstacle is driving toward the ego car longitudinally. No lateral relative motion.
142.0,20055.0,Front-right,124.16,-82.49,119.65,-80.88,-6.76,0.0,-0.24,-0.96,17.7,inf,Obstacle is driving toward the ego car longitudinally. No lateral relative motion.
142.0,20056.0,Front-right,124.29,-91.44,119.78,-89.83,-6.76,0.0,-0.24,-0.96,17.72,inf,Obstacle is driving toward the ego car longitudinally. No lateral relative motion.
142.0,20057.0,Front-left,119.56,8.4,115.06,6.79,-6.76,-0.0,-0.24,-0.96,17.02,inf,Obstacle is driving toward the ego car longitudinally. No lateral relative motion.
142.0,20058.0,Front-right,124.38,-98.45,119.88,-96.84,-6.76,0.0,-0.24,-0.96,17.74,inf,Obstacle is driving toward the ego car longitudinally. No lateral relative motion.
142.0,20059.0,Front,30.01,-1.28,25.51,0.0,-6.76,-0.0,-0.24,-0.96,3.77,0.0,Obstacle is driving toward the ego car longitudinally. Exact lateral alignment or unknown case.
142.0,20060.0,Front-left,119.6,15.38,115.1,13.77,-6.76,-0.0,-0.24,-0.96,17.03,inf,Obstacle is driving toward the ego car longitudinally. No lateral relative motion.
142.0,20061.0,Front-right,124.48,-105.46,119.97,-103.85,-6.76,0.0,-0.24,-0.96,17.75,inf,Obstacle is driving toward the ego car longitudinally. No lateral relative motion.
142.0,20062.0,Front,23.05,-0.77,18.55,0.0,-6.76,-0.0,-0.24,-0.96,2.74,0.0,Obstacle is driving toward the ego car longitudinally. Exact lateral alignment or unknown case.
142.0,20063.0,Front,16.09,-0.37,11.58,0.0,-6.76,-0.0,-0.24,-0.96,1.71,0.0,Obstacle is driving toward the ego car longitudinally. Exact lateral alignment or unknown case.
142.0,20064.0,Front-right,124.58,-112.48,120.07,-110.87,-6.76,0.0,-0.24,-0.96,17.77,inf,Obstacle is driving toward the ego car longitudinally. No lateral relative motion.
142.0,20066.0,Front-right,124.68,-119.52,120.17,-117.91,-6.76,0.0,-0.24,-0.96,17.78,inf,Obstacle is driving toward the ego car longitudinally. No lateral relative motion.
143.0,20003.0,Front-left,122.34,3.37,117.83,1.76,-6.51,5.96,0.87,-1.49,18.1,inf,Obstacle is driving toward the ego car longitudinally. Obstacle is moving away laterally to the left.
143.0,20007.0,Front-right,109.08,-7.15,104.57,-5.54,-2.08,-0.06,-0.59,-2.3,50.34,inf,Obstacle is driving toward the ego car longitudinally. Obstacle is moving away laterally to the right.
143.0,20013.0,Front-right,95.83,-6.79,91.32,-5.18,-4.28,-0.11,-0.57,-2.1,21.32,inf,Obstacle is driving toward the ego car longitudinally. Obstacle is moving away laterally to the right.
143.0,20017.0,Front-right,86.3,-6.27,81.8,-4.66,-5.8,-0.06,-0.49,-1.77,14.11,inf,Obstacle is driving toward the ego car longitudinally. Obstacle is moving away laterally to the right.
143.0,20019.0,Front-right,78.81,-5.71,74.31,-4.1,-6.52,-0.0,-0.31,-1.22,11.39,inf,Obstacle is driving toward the ego car longitudinally. Obstacle is moving away laterally to the right.
143.0,20021.0,Front-right,71.85,-5.15,67.34,-3.54,-6.53,-0.0,-0.3,-1.2,10.31,inf,Obstacle is driving toward the ego car longitudinally. No lateral relative motion.
143.0,20025.0,Front-right,64.9,-4.49,60.4,-2.88,-6.53,-0.0,-0.3,-1.2,9.24,inf,Obstacle is driving toward the ego car longitudinally. No lateral relative motion.
143.0,20035.0,Front-right,57.95,-3.84,53.45,-2.23,-6.53,-0.0,-0.3,-1.2,8.18,inf,Obstacle is driving toward the ego car longitudinally. No lateral relative motion.
143.0,20039.0,Front-right,51.01,-3.18,46.5,-1.57,-6.53,-0.0,-0.3,-1.2,7.12,inf,Obstacle is driving toward the ego car longitudinally. No lateral relative motion.
143.0,20045.0,Front-right,122.63,-19.69,118.13,-18.08,-6.53,0.0,-0.3,-1.2,18.08,inf,Obstacle is driving toward the ego car longitudinally. No lateral relative motion.
143.0,20047.0,Front-right,122.75,-26.67,118.24,-25.06,-6.53,0.0,-0.3,-1.2,18.09,inf,Obstacle is driving toward the ego car longitudinally. No lateral relative motion.
143.0,20049.0,Front-right,122.95,-39.5,118.44,-37.89,-6.53,0.0,-0.3,-1.2,18.13,inf,Obstacle is driving toward the ego car longitudinally. No lateral relative motion.
143.0,20050.0,Front-right,123.09,-48.44,118.58,-46.83,-6.53,0.0,-0.3,-1.2,18.15,inf,Obstacle is driving toward the ego car longitudinally. No lateral relative motion.
143.0,20051.0,Front-right,123.2,-55.42,118.69,-53.81,-6.53,0.0,-0.3,-1.2,18.16,inf,Obstacle is driving toward the ego car longitudinally. No lateral relative motion.
143.0,20052.0,Front-right,123.31,-62.41,118.8,-60.8,-6.53,0.0,-0.3,-1.2,18.18,inf,Obstacle is driving toward the ego car longitudinally. No lateral relative motion.
143.0,20053.0,Front-right,123.42,-69.4,118.91,-67.79,-6.53,0.0,-0.3,-1.2,18.2,inf,Obstacle is driving toward the ego car longitudinally. No lateral relative motion.
143.0,20054.0,Front-right,38.23,-1.98,33.72,-0.37,-6.53,-0.0,-0.3,-1.2,5.16,inf,Obstacle is driving toward the ego car longitudinally. No lateral relative motion.
143.0,20055.0,Front-right,123.63,-82.26,119.12,-80.65,-6.53,0.0,-0.3,-1.2,18.23,inf,Obstacle is driving toward the ego car longitudinally. No lateral relative motion.
143.0,20056.0,Front-right,123.77,-91.21,119.26,-89.6,-6.53,0.0,-0.3,-1.2,18.25,inf,Obstacle is driving toward the ego car longitudinally. No lateral relative motion.
143.0,20057.0,Front-left,118.86,8.62,114.36,7.01,-6.53,-0.0,-0.3,-1.2,17.5,inf,Obstacle is driving toward the ego car longitudinally. No lateral relative motion.
143.0,20058.0,Front-right,123.88,-98.22,119.37,-96.61,-6.53,0.0,-0.3,-1.2,18.27,inf,Obstacle is driving toward the ego car longitudinally. No lateral relative motion.
143.0,20059.0,Front,29.33,-1.22,24.82,0.0,-6.53,-0.0,-0.3,-1.2,3.8,0.0,Obstacle is driving toward the ego car longitudinally. Exact lateral alignment or unknown case.
143.0,20060.0,Front-left,118.89,15.6,114.38,13.99,-6.53,-0.0,-0.3,-1.2,17.5,inf,Obstacle is driving toward the ego car longitudinally. No lateral relative motion.
143.0,20061.0,Front-right,123.99,-105.23,119.48,-103.62,-6.53,0.0,-0.3,-1.2,18.28,inf,Obstacle is driving toward the ego car longitudinally. No lateral relative motion.
143.0,20062.0,Front,22.37,-0.73,17.86,0.0,-6.53,-0.0,-0.3,-1.2,2.73,0.0,Obstacle is driving toward the ego car longitudinally. Exact lateral alignment or unknown case.
143.0,20063.0,Front,15.4,-0.34,10.9,0.0,-6.53,-0.0,-0.3,-1.2,1.67,0.0,Obstacle is driving toward the ego car longitudinally. Exact lateral alignment or unknown case.
143.0,20064.0,Front-right,124.1,-112.25,119.59,-110.64,-6.53,0.0,-0.3,-1.2,18.3,inf,Obstacle is driving toward the ego car longitudinally. No lateral relative motion.
143.0,20066.0,Front-right,124.21,-119.29,119.71,-117.68,-6.53,0.0,-0.3,-1.2,18.32,inf,Obstacle is driving toward the ego car longitudinally. No lateral relative motion.
144.0,20003.0,Front-left,121.68,4.11,117.17,2.5,-6.37,6.08,0.99,-1.02,18.38,inf,Obstacle is driving toward the ego car longitudinally. Obstacle is moving away laterally to the left.
144.0,20007.0,Front-right,108.87,-7.16,104.36,-5.55,-1.83,-0.06,-0.47,-1.84,57.18,inf,Obstacle is driving toward the ego car longitudinally. Obstacle is moving away laterally to the right.
144.0,20013.0,Front-right,95.39,-6.8,90.88,-5.19,-4.05,-0.11,-0.46,-1.67,22.45,inf,Obstacle is driving toward the ego car longitudinally. Obstacle is moving away laterally to the right.
144.0,20017.0,Front-right,85.72,-6.28,81.21,-4.67,-5.59,-0.06,-0.4,-1.39,14.52,inf,Obstacle is driving toward the ego car longitudinally. Obstacle is moving away laterally to the right.
144.0,20019.0,Front-right,78.15,-5.71,73.64,-4.1,-6.36,-0.0,-0.25,-0.93,11.57,inf,Obstacle is driving toward the ego car longitudinally. Obstacle is moving away laterally to the right.
144.0,20021.0,Front-right,71.19,-5.15,66.68,-3.54,-6.4,-0.0,-0.18,-0.72,10.42,inf,Obstacle is driving toward the ego car longitudinally. No lateral relative motion.
144.0,20025.0,Front-right,64.24,-4.5,59.73,-2.89,-6.4,-0.0,-0.18,-0.72,9.34,inf,Obstacle is driving toward the ego car longitudinally. No lateral relative motion.
144.0,20035.0,Front-right,57.29,-3.84,52.78,-2.23,-6.4,-0.0,-0.18,-0.72,8.25,inf,Obstacle is driving toward the ego car longitudinally. No lateral relative motion.
144.0,20039.0,Front-right,50.34,-3.19,45.84,-1.58,-6.4,-0.0,-0.18,-0.72,7.16,inf,Obstacle is driving toward the ego car longitudinally. No lateral relative motion.
144.0,20045.0,Front-right,121.97,-19.69,117.46,-18.08,-6.4,0.0,-0.18,-0.72,18.36,inf,Obstacle is driving toward the ego car longitudinally. No lateral relative motion.
144.0,20047.0,Front-right,122.08,-26.67,117.57,-25.06,-6.4,0.0,-0.18,-0.72,18.38,inf,Obstacle is driving toward the ego car longitudinally. No lateral relative motion.
144.0,20049.0,Front-right,122.28,-39.51,117.77,-37.9,-6.4,0.0,-0.18,-0.72,18.41,inf,Obstacle is driving toward the ego car longitudinally. No lateral relative motion.
144.0,20050.0,Front-right,122.42,-48.45,117.91,-46.84,-6.4,0.0,-0.18,-0.72,18.43,inf,Obstacle is driving toward the ego car longitudinally. No lateral relative motion.
144.0,20051.0,Front-right,122.53,-55.43,118.03,-53.82,-6.4,0.0,-0.18,-0.72,18.45,inf,Obstacle is driving toward the ego car longitudinally. No lateral relative motion.
144.0,20052.0,Front-right,122.64,-62.42,118.14,-60.81,-6.4,0.0,-0.18,-0.72,18.46,inf,Obstacle is driving toward the ego car longitudinally. No lateral relative motion.
144.0,20053.0,Front-right,122.75,-69.41,118.25,-67.8,-6.4,0.0,-0.18,-0.72,18.48,inf,Obstacle is driving toward the ego car longitudinally. No lateral relative motion.
144.0,20054.0,Front-right,37.56,-1.98,33.05,-0.37,-6.4,-0.0,-0.18,-0.72,5.17,inf,Obstacle is driving toward the ego car longitudinally. No lateral relative motion.
144.0,20055.0,Front-right,122.96,-82.26,118.45,-80.65,-6.4,0.0,-0.18,-0.72,18.51,inf,Obstacle is driving toward the ego car longitudinally. No lateral relative motion.
144.0,20056.0,Front-right,123.1,-91.22,118.59,-89.61,-6.4,0.0,-0.18,-0.72,18.54,inf,Obstacle is driving toward the ego car longitudinally. No lateral relative motion.
144.0,20057.0,Front-left,118.2,8.62,113.69,7.01,-6.4,-0.0,-0.18,-0.72,17.77,inf,Obstacle is driving toward the ego car longitudinally. No lateral relative motion.
144.0,20058.0,Front-right,123.21,-98.23,118.7,-96.62,-6.4,0.0,-0.18,-0.72,18.55,inf,Obstacle is driving toward the ego car longitudinally. No lateral relative motion.
144.0,20059.0,Front,28.67,-1.22,24.16,0.0,-6.4,-0.0,-0.18,-0.72,3.78,0.0,Obstacle is driving toward the ego car longitudinally. Exact lateral alignment or unknown case.
144.0,20060.0,Front-left,118.23,15.59,113.72,13.98,-6.4,-0.0,-0.18,-0.72,17.77,inf,Obstacle is driving toward the ego car longitudinally. No lateral relative motion.
144.0,20061.0,Front-right,123.32,-105.24,118.81,-103.63,-6.4,0.0,-0.18,-0.72,18.57,inf,Obstacle is driving toward the ego car longitudinally. No lateral relative motion.
144.0,20062.0,Front,21.71,-0.73,17.2,0.0,-6.4,-0.0,-0.18,-0.72,2.69,0.0,Obstacle is driving toward the ego car longitudinally. Exact lateral alignment or unknown case.
144.0,20063.0,Front,14.74,-0.34,10.23,0.0,-6.4,-0.0,-0.18,-0.72,1.6,0.0,Obstacle is driving toward the ego car longitudinally. Exact lateral alignment or unknown case.
144.0,20064.0,Front-right,123.43,-112.26,118.92,-110.65,-6.4,0.0,-0.18,-0.72,18.59,inf,Obstacle is driving toward the ego car longitudinally. No lateral relative motion.
144.0,20066.0,Front-right,123.54,-119.3,119.03,-117.69,-6.4,0.0,-0.18,-0.72,18.6,inf,Obstacle is driving toward the ego car longitudinally. No lateral relative motion.
145.0,20003.0,Front-left,121.03,4.96,116.52,3.35,-6.22,6.2,0.96,-1.13,18.74,inf,Obstacle is driving toward the ego car longitudinally. Obstacle is moving away laterally to the left.
145.0,20007.0,Front-right,108.69,-7.08,104.18,-5.47,-1.66,-0.06,-0.5,-1.95,62.59,inf,Obstacle is driving toward the ego car longitudinally. Obstacle is moving away laterally to the right.
145.0,20013.0,Front-right,94.99,-6.74,90.48,-5.13,-3.79,-0.11,-0.49,-1.78,23.88,inf,Obstacle is driving toward the ego car longitudinally. Obstacle is moving away laterally to the right.
145.0,20017.0,Front-right,85.16,-6.22,80.65,-4.61,-5.36,-0.07,-0.43,-1.5,15.04,inf,Obstacle is driving toward the ego car longitudinally. Obstacle is moving away laterally to the right.
145.0,20019.0,Front-right,77.51,-5.65,73.01,-4.04,-6.18,-0.0,-0.28,-1.04,11.81,inf,Obstacle is driving toward the ego car longitudinally. Obstacle is moving away laterally to the right.
145.0,20021.0,Front-right,70.54,-5.09,66.04,-3.48,-6.24,-0.0,-0.21,-0.83,10.59,inf,Obstacle is driving toward the ego car longitudinally. No lateral relative motion.
145.0,20025.0,Front-right,63.59,-4.44,59.09,-2.83,-6.24,-0.0,-0.21,-0.83,9.47,inf,Obstacle is driving toward the ego car longitudinally. No lateral relative motion.
145.0,20035.0,Front-right,56.64,-3.79,52.14,-2.18,-6.24,-0.0,-0.21,-0.83,8.36,inf,Obstacle is driving toward the ego car longitudinally. No lateral relative motion.
145.0,20039.0,Front-right,49.7,-3.14,45.19,-1.53,-6.24,-0.0,-0.21,-0.83,7.25,inf,Obstacle is driving toward the ego car longitudinally. No lateral relative motion.
145.0,20045.0,Front-right,121.34,-19.59,116.83,-17.98,-6.24,0.0,-0.21,-0.83,18.73,inf,Obstacle is driving toward the ego car longitudinally. No lateral relative motion.
145.0,20047.0,Front-right,121.45,-26.57,116.95,-24.96,-6.24,0.0,-0.21,-0.83,18.75,inf,Obstacle is driving toward the ego car longitudinally. No lateral relative motion.
145.0,20049.0,Front-right,121.67,-39.41,117.16,-37.8,-6.24,0.0,-0.21,-0.83,18.78,inf,Obstacle is driving toward the ego car longitudinally. No lateral relative motion.
145.0,20050.0,Front-right,121.81,-48.35,117.31,-46.74,-6.24,0.0,-0.21,-0.83,18.81,inf,Obstacle is driving toward the ego car longitudinally. No lateral relative motion.
145.0,20051.0,Front-right,121.93,-55.33,117.42,-53.72,-6.24,0.0,-0.21,-0.83,18.83,inf,Obstacle is driving toward the ego car longitudinally. No lateral relative motion.
145.0,20052.0,Front-right,122.05,-62.32,117.54,-60.71,-6.24,0.0,-0.21,-0.83,18.84,inf,Obstacle is driving toward the ego car longitudinally. No lateral relative motion.
145.0,20053.0,Front-right,122.16,-69.31,117.66,-67.7,-6.24,0.0,-0.21,-0.83,18.86,inf,Obstacle is driving toward the ego car longitudinally. No lateral relative motion.
145.0,20054.0,Front-right,36.92,-1.95,32.41,-0.34,-6.24,-0.0,-0.21,-0.83,5.2,inf,Obstacle is driving toward the ego car longitudinally. No lateral relative motion.
145.0,20055.0,Front-right,122.38,-82.17,117.87,-80.56,-6.24,0.0,-0.21,-0.83,18.9,inf,Obstacle is driving toward the ego car longitudinally. No lateral relative motion.
145.0,20056.0,Front-right,122.53,-91.12,118.02,-89.51,-6.24,0.0,-0.21,-0.83,18.92,inf,Obstacle is driving toward the ego car longitudinally. No lateral relative motion.
145.0,20057.0,Front-left,117.55,8.71,113.04,7.1,-6.24,-0.0,-0.21,-0.83,18.12,inf,Obstacle is driving toward the ego car longitudinally. No lateral relative motion.
145.0,20058.0,Front-right,122.64,-98.13,118.13,-96.52,-6.24,0.0,-0.21,-0.83,18.94,inf,Obstacle is driving toward the ego car longitudinally. No lateral relative motion.
145.0,20059.0,Front,28.02,-1.2,23.51,0.0,-6.24,-0.0,-0.21,-0.83,3.77,0.0,Obstacle is driving toward the ego car longitudinally. Exact lateral alignment or unknown case.
145.0,20060.0,Front-left,117.57,15.69,113.06,14.08,-6.24,-0.0,-0.21,-0.83,18.13,inf,Obstacle is driving toward the ego car longitudinally. No lateral relative motion.
145.0,20061.0,Front-right,122.76,-105.14,118.25,-103.53,-6.24,0.0,-0.21,-0.83,18.96,inf,Obstacle is driving toward the ego car longitudinally. No lateral relative motion.
145.0,20062.0,Front,21.06,-0.71,16.55,0.0,-6.24,-0.0,-0.21,-0.83,2.65,0.0,Obstacle is driving toward the ego car longitudinally. Exact lateral alignment or unknown case.
145.0,20063.0,Front,14.09,-0.33,9.58,0.0,-6.24,-0.0,-0.21,-0.83,1.54,0.0,Obstacle is driving toward the ego car longitudinally. Exact lateral alignment or unknown case.
145.0,20064.0,Front-right,122.87,-112.16,118.37,-110.55,-6.24,0.0,-0.21,-0.83,18.98,inf,Obstacle is driving toward the ego car longitudinally. No lateral relative motion.
145.0,20066.0,Front-right,122.99,-119.2,118.48,-117.59,-6.24,0.0,-0.21,-0.83,19.0,inf,Obstacle is driving toward the ego car longitudinally. No lateral relative motion.
146.0,20003.0,Front-left,120.4,5.81,115.89,4.2,-6.04,6.31,0.91,-1.21,19.19,inf,Obstacle is driving toward the ego car longitudinally. Obstacle is moving away laterally to the left.
146.0,20007.0,Front-right,108.54,-7.01,104.03,-5.4,-1.37,-0.05,-0.53,-2.04,76.04,inf,Obstacle is driving toward the ego car longitudinally. Obstacle is moving away laterally to the right.
146.0,20013.0,Front-right,94.61,-6.68,90.1,-5.07,-3.51,-0.12,-0.51,-1.87,25.67,inf,Obstacle is driving toward the ego car longitudinally. Obstacle is moving away laterally to the right.
146.0,20017.0,Front-right,84.62,-6.17,80.11,-4.56,-5.11,-0.07,-0.45,-1.59,15.68,inf,Obstacle is driving toward the ego car longitudinally. Obstacle is moving away laterally to the right.
146.0,20019.0,Front-right,76.89,-5.59,72.38,-3.98,-5.98,-0.01,-0.3,-1.13,12.11,inf,Obstacle is driving toward the ego car longitudinally. Obstacle is moving away laterally to the right.
146.0,20021.0,Front-right,69.92,-5.05,65.41,-3.44,-6.06,-0.0,-0.23,-0.92,10.8,inf,Obstacle is driving toward the ego car longitudinally. No lateral relative motion.
146.0,20025.0,Front-right,62.97,-4.4,58.46,-2.79,-6.06,-0.0,-0.23,-0.92,9.65,inf,Obstacle is driving toward the ego car longitudinally. No lateral relative motion.
146.0,20035.0,Front-right,56.02,-3.75,51.51,-2.14,-6.06,-0.0,-0.23,-0.92,8.5,inf,Obstacle is driving toward the ego car longitudinally. No lateral relative motion.
146.0,20039.0,Front-right,49.07,-3.11,44.56,-1.5,-6.06,-0.0,-0.23,-0.92,7.36,inf,Obstacle is driving toward the ego car longitudinally. No lateral relative motion.
146.0,20045.0,Front-right,120.72,-19.51,116.21,-17.9,-6.06,0.0,-0.23,-0.92,19.19,inf,Obstacle is driving toward the ego car longitudinally. No lateral relative motion.
146.0,20047.0,Front-right,120.84,-26.49,116.33,-24.88,-6.06,0.0,-0.23,-0.92,19.21,inf,Obstacle is driving toward the ego car longitudinally. No lateral relative motion.
146.0,20049.0,Front-right,121.06,-39.33,116.55,-37.72,-6.06,0.0,-0.23,-0.92,19.24,inf,Obstacle is driving toward the ego car longitudinally. No lateral relative motion.
146.0,20050.0,Front-right,121.22,-48.26,116.71,-46.65,-6.06,0.0,-0.23,-0.92,19.27,inf,Obstacle is driving toward the ego car longitudinally. No lateral relative motion.
146.0,20051.0,Front-right,121.34,-55.25,116.83,-53.64,-6.06,0.0,-0.23,-0.92,19.29,inf,Obstacle is driving toward the ego car longitudinally. No lateral relative motion.
146.0,20052.0,Front-right,121.46,-62.23,116.95,-60.62,-6.06,0.0,-0.23,-0.92,19.31,inf,Obstacle is driving toward the ego car longitudinally. No lateral relative motion.
146.0,20053.0,Front-right,121.58,-69.23,117.07,-67.62,-6.06,0.0,-0.23,-0.92,19.33,inf,Obstacle is driving toward the ego car longitudinally. No lateral relative motion.
146.0,20054.0,Front-right,36.29,-1.92,31.78,-0.31,-6.06,-0.0,-0.23,-0.92,5.25,inf,Obstacle is driving toward the ego car longitudinally. No lateral relative motion.
146.0,20055.0,Front-right,121.8,-82.08,117.29,-80.47,-6.06,0.0,-0.23,-0.92,19.37,inf,Obstacle is driving toward the ego car longitudinally. No lateral relative motion.
146.0,20056.0,Front-right,121.96,-91.03,117.45,-89.42,-6.06,0.0,-0.23,-0.92,19.39,inf,Obstacle is driving toward the ego car longitudinally. No lateral relative motion.
146.0,20057.0,Front-left,116.91,8.79,112.4,7.18,-6.06,-0.0,-0.23,-0.92,18.56,inf,Obstacle is driving toward the ego car longitudinally. No lateral relative motion.
146.0,20058.0,Front-right,122.08,-98.04,117.57,-96.43,-6.06,0.0,-0.23,-0.92,19.41,inf,Obstacle is driving toward the ego car longitudinally. No lateral relative motion.
146.0,20059.0,Front,27.39,-1.18,22.88,0.0,-6.06,-0.0,-0.23,-0.92,3.78,0.0,Obstacle is driving toward the ego car longitudinally. Exact lateral alignment or unknown case.
146.0,20060.0,Front-left,116.93,15.77,112.42,14.16,-6.06,-0.0,-0.23,-0.92,18.56,inf,Obstacle is driving toward the ego car longitudinally. No lateral relative motion.
146.0,20061.0,Front-right,122.2,-105.05,117.69,-103.44,-6.06,0.0,-0.23,-0.92,19.43,inf,Obstacle is driving toward the ego car longitudinally. No lateral relative motion.
146.0,20062.0,Front,20.43,-0.7,15.92,0.0,-6.06,-0.0,-0.23,-0.92,2.63,0.0,Obstacle is driving toward the ego car longitudinally. Exact lateral alignment or unknown case.
146.0,20063.0,Front,13.46,-0.32,8.95,0.0,-6.06,-0.0,-0.23,-0.92,1.48,0.0,Obstacle is driving toward the ego car longitudinally. Exact lateral alignment or unknown case.
146.0,20064.0,Front-right,122.32,-112.07,117.81,-110.46,-6.06,0.0,-0.23,-0.92,19.45,inf,Obstacle is driving toward the ego car longitudinally. No lateral relative motion.
146.0,20066.0,Front-right,122.44,-119.12,117.93,-117.51,-6.06,0.0,-0.23,-0.92,19.47,inf,Obstacle is driving toward the ego car longitudinally. No lateral relative motion.
147.0,20003.0,Front-left,119.78,6.65,115.27,5.04,-5.89,6.43,0.9,-1.27,19.56,inf,Obstacle is driving toward the ego car longitudinally. Obstacle is moving away laterally to the left.
147.0,20007.0,Front-right,108.41,-6.95,103.91,-5.34,-1.22,-0.05,-0.54,-2.1,85.38,inf,Obstacle is driving toward the ego car longitudinally. Obstacle is moving away laterally to the right.
147.0,20013.0,Front-right,94.26,-6.64,89.75,-5.03,-3.26,-0.12,-0.53,-1.93,27.53,inf,Obstacle is driving toward the ego car longitudinally. Obstacle is moving away laterally to the right.
147.0,20017.0,Front-right,84.11,-6.13,79.6,-4.52,-4.89,-0.07,-0.47,-1.65,16.28,inf,Obstacle is driving toward the ego car longitudinally. Obstacle is moving away laterally to the right.
147.0,20019.0,Front-right,76.29,-5.55,71.78,-3.94,-5.8,-0.01,-0.32,-1.19,12.37,inf,Obstacle is driving toward the ego car longitudinally. Obstacle is moving away laterally to the right.
147.0,20021.0,Front-right,69.3,-5.01,64.8,-3.4,-5.91,-0.0,-0.25,-0.98,10.97,inf,Obstacle is driving toward the ego car longitudinally. No lateral relative motion.
147.0,20025.0,Front-right,62.35,-4.36,57.85,-2.75,-5.91,-0.0,-0.25,-0.98,9.8,inf,Obstacle is driving toward the ego car longitudinally. No lateral relative motion.
147.0,20035.0,Front-right,55.4,-3.72,50.89,-2.11,-5.91,-0.0,-0.25,-0.98,8.62,inf,Obstacle is driving toward the ego car longitudinally. No lateral relative motion.
147.0,20039.0,Front-right,48.46,-3.08,43.95,-1.47,-5.91,-0.0,-0.25,-0.98,7.44,inf,Obstacle is driving toward the ego car longitudinally. No lateral relative motion.
147.0,20045.0,Front-right,120.12,-19.44,115.61,-17.83,-5.91,0.0,-0.25,-0.98,19.58,inf,Obstacle is driving toward the ego car longitudinally. No lateral relative motion.
147.0,20047.0,Front-right,120.24,-26.42,115.73,-24.81,-5.91,0.0,-0.25,-0.98,19.6,inf,Obstacle is driving toward the ego car longitudinally. No lateral relative motion.
147.0,20049.0,Front-right,120.47,-39.26,115.96,-37.65,-5.91,0.0,-0.25,-0.98,19.64,inf,Obstacle is driving toward the ego car longitudinally. No lateral relative motion.
147.0,20050.0,Front-right,120.63,-48.19,116.12,-46.58,-5.91,0.0,-0.25,-0.98,19.66,inf,Obstacle is driving toward the ego car longitudinally. No lateral relative motion.
147.0,20051.0,Front-right,120.75,-55.18,116.25,-53.57,-5.91,0.0,-0.25,-0.98,19.68,inf,Obstacle is driving toward the ego car longitudinally. No lateral relative motion.
147.0,20052.0,Front-right,120.88,-62.16,116.37,-60.55,-5.91,0.0,-0.25,-0.98,19.71,inf,Obstacle is driving toward the ego car longitudinally. No lateral relative motion.
147.0,20053.0,Front-right,121.0,-69.16,116.5,-67.55,-5.91,0.0,-0.25,-0.98,19.73,inf,Obstacle is driving toward the ego car longitudinally. No lateral relative motion.
147.0,20054.0,Front-right,35.67,-1.9,31.17,-0.29,-5.91,-0.0,-0.25,-0.98,5.28,inf,Obstacle is driving toward the ego car longitudinally. No lateral relative motion.
147.0,20055.0,Front-right,121.23,-82.01,116.73,-80.4,-5.91,0.0,-0.25,-0.98,19.77,inf,Obstacle is driving toward the ego car longitudinally. No lateral relative motion.
147.0,20056.0,Front-right,121.39,-90.96,116.89,-89.35,-5.91,0.0,-0.25,-0.98,19.79,inf,Obstacle is driving toward the ego car longitudinally. No lateral relative motion.
147.0,20057.0,Front-left,116.29,8.86,111.78,7.25,-5.91,-0.0,-0.25,-0.98,18.93,inf,Obstacle is driving toward the ego car longitudinally. No lateral relative motion.
147.0,20058.0,Front-right,121.52,-97.97,117.01,-96.36,-5.91,0.0,-0.25,-0.98,19.81,inf,Obstacle is driving toward the ego car longitudinally. No lateral relative motion.
147.0,20059.0,Front,26.78,-1.16,22.27,0.0,-5.91,-0.0,-0.25,-0.98,3.77,0.0,Obstacle is driving toward the ego car longitudinally. Exact lateral alignment or unknown case.
147.0,20060.0,Front-left,116.3,15.84,111.79,14.23,-5.91,-0.0,-0.25,-0.98,18.93,inf,Obstacle is driving toward the ego car longitudinally. No lateral relative motion.
147.0,20061.0,Front-right,121.65,-104.98,117.14,-103.37,-5.91,0.0,-0.25,-0.98,19.84,inf,Obstacle is driving toward the ego car longitudinally. No lateral relative motion.
147.0,20062.0,Front,19.81,-0.69,15.31,0.0,-5.91,-0.0,-0.25,-0.98,2.59,0.0,Obstacle is driving toward the ego car longitudinally. Exact lateral alignment or unknown case.
147.0,20063.0,Front,12.85,-0.31,8.34,0.0,-5.91,-0.0,-0.25,-0.98,1.41,0.0,Obstacle is driving toward the ego car longitudinally. Exact lateral alignment or unknown case.
147.0,20064.0,Front-right,121.77,-112.0,117.26,-110.39,-5.91,0.0,-0.25,-0.98,19.86,inf,Obstacle is driving toward the ego car longitudinally. No lateral relative motion.
147.0,20066.0,Front-right,121.9,-119.05,117.39,-117.44,-5.91,0.0,-0.25,-0.98,19.88,inf,Obstacle is driving toward the ego car longitudinally. No lateral relative motion.
148.0,20003.0,Front-left,119.18,7.52,114.67,5.91,-5.65,6.55,0.79,-1.68,20.3,inf,Obstacle is driving toward the ego car longitudinally. Obstacle is moving away laterally to the left.
148.0,20007.0,Front-right,108.32,-6.89,103.81,-5.28,-0.85,-0.05,-0.65,-2.51,121.49,inf,Obstacle is driving toward the ego car longitudinally. Obstacle is moving away laterally to the right.
148.0,20013.0,Front-right,93.93,-6.59,89.43,-4.98,-2.91,-0.12,-0.63,-2.34,30.68,inf,Obstacle is driving toward the ego car longitudinally. Obstacle is moving away laterally to the right.
148.0,20017.0,Front-right,83.62,-6.08,79.11,-4.47,-4.57,-0.08,-0.57,-2.06,17.3,inf,Obstacle is driving toward the ego car longitudinally. Obstacle is moving away laterally to the right.
148.0,20019.0,Front-right,75.71,-5.5,71.2,-3.89,-5.54,-0.01,-0.42,-1.6,12.86,inf,Obstacle is driving toward the ego car longitudinally. Obstacle is moving away laterally to the right.
148.0,20021.0,Front-right,68.71,-4.96,64.2,-3.35,-5.66,-0.0,-0.35,-1.39,11.35,inf,Obstacle is driving toward the ego car longitudinally. No lateral relative motion.
148.0,20025.0,Front-right,61.76,-4.32,57.25,-2.71,-5.66,-0.0,-0.35,-1.39,10.12,inf,Obstacle is driving toward the ego car longitudinally. No lateral relative motion.
148.0,20035.0,Front-right,54.81,-3.69,50.3,-2.08,-5.66,-0.0,-0.35,-1.39,8.89,inf,Obstacle is driving toward the ego car longitudinally. No lateral relative motion.
148.0,20039.0,Front-right,47.86,-3.05,43.35,-1.44,-5.66,-0.0,-0.35,-1.39,7.66,inf,Obstacle is driving toward the ego car longitudinally. No lateral relative motion.
148.0,20045.0,Front-right,119.53,-19.36,115.02,-17.75,-5.66,0.0,-0.35,-1.39,20.33,inf,Obstacle is driving toward the ego car longitudinally. No lateral relative motion.
148.0,20047.0,Front-right,119.66,-26.34,115.15,-24.73,-5.66,0.0,-0.35,-1.39,20.35,inf,Obstacle is driving toward the ego car longitudinally. No lateral relative motion.
148.0,20049.0,Front-right,119.9,-39.18,115.39,-37.57,-5.66,0.0,-0.35,-1.39,20.39,inf,Obstacle is driving toward the ego car longitudinally. No lateral relative motion.
148.0,20050.0,Front-right,120.06,-48.11,115.55,-46.5,-5.66,0.0,-0.35,-1.39,20.42,inf,Obstacle is driving toward the ego car longitudinally. No lateral relative motion.
148.0,20051.0,Front-right,120.19,-55.1,115.68,-53.49,-5.66,0.0,-0.35,-1.39,20.44,inf,Obstacle is driving toward the ego car longitudinally. No lateral relative motion.
148.0,20052.0,Front-right,120.32,-62.09,115.81,-60.48,-5.66,0.0,-0.35,-1.39,20.47,inf,Obstacle is driving toward the ego car longitudinally. No lateral relative motion.
148.0,20053.0,Front-right,120.45,-69.08,115.94,-67.47,-5.66,0.0,-0.35,-1.39,20.49,inf,Obstacle is driving toward the ego car longitudinally. No lateral relative motion.
148.0,20054.0,Front-right,35.08,-1.88,30.57,-0.27,-5.66,-0.0,-0.35,-1.39,5.4,inf,Obstacle is driving toward the ego car longitudinally. No lateral relative motion.
148.0,20055.0,Front-right,120.69,-81.93,116.18,-80.32,-5.66,0.0,-0.35,-1.39,20.53,inf,Obstacle is driving toward the ego car longitudinally. No lateral relative motion.
148.0,20056.0,Front-right,120.85,-90.89,116.35,-89.28,-5.66,0.0,-0.35,-1.39,20.56,inf,Obstacle is driving toward the ego car longitudinally. No lateral relative motion.
148.0,20057.0,Front-left,115.68,8.94,111.17,7.33,-5.66,-0.0,-0.35,-1.39,19.65,inf,Obstacle is driving toward the ego car longitudinally. No lateral relative motion.
148.0,20058.0,Front-right,120.98,-97.89,116.48,-96.28,-5.66,0.0,-0.35,-1.39,20.58,inf,Obstacle is driving toward the ego car longitudinally. No lateral relative motion.
148.0,20059.0,Front,26.18,-1.15,21.67,0.0,-5.66,-0.0,-0.35,-1.39,3.83,0.0,Obstacle is driving toward the ego car longitudinally. Exact lateral alignment or unknown case.
148.0,20060.0,Front-left,115.69,15.91,111.18,14.3,-5.66,-0.0,-0.35,-1.39,19.65,inf,Obstacle is driving toward the ego car longitudinally. No lateral relative motion.
148.0,20061.0,Front-right,121.11,-104.9,116.61,-103.29,-5.66,0.0,-0.35,-1.39,20.61,inf,Obstacle is driving toward the ego car longitudinally. No lateral relative motion.
148.0,20062.0,Front,19.21,-0.67,14.71,0.0,-5.66,-0.0,-0.35,-1.39,2.6,0.0,Obstacle is driving toward the ego car longitudinally. Exact lateral alignment or unknown case.
148.0,20063.0,Front,12.25,-0.31,7.74,0.0,-5.66,-0.0,-0.35,-1.39,1.37,0.0,Obstacle is driving toward the ego car longitudinally. Exact lateral alignment or unknown case.
148.0,20064.0,Front-right,121.24,-111.92,116.74,-110.31,-5.66,0.0,-0.35,-1.39,20.63,inf,Obstacle is driving toward the ego car longitudinally. No lateral relative motion.
148.0,20066.0,Front-right,121.37,-118.97,116.87,-117.36,-5.66,0.0,-0.35,-1.39,20.65,inf,Obstacle is driving toward the ego car longitudinally. No lateral relative motion.
